LAT(deg)	LON(deg)	ALT(m)	Phi(deg)	Theta(deg)	Psi(deg)	Vx(m/s)	Vy(m/s)	Vz(m/s)	P(deg/s)	Q(deg/s)	R(deg/s)	Nx(m/s2)	Ny(m/s2)	Nz(m/s2)	Radial(deg)	Distance(m)	DeltaAlt:Anv-Tgt(m)	JX	JY	Throttle
-23.684102678497894	-45.3761280725292	233.5004880017751	-33.5458153716683	20.231520766868766	351.35355694673865	226.99454307054484	-0.26872436274967526	22.830763070401662	-4.595054407152699	10.108234475287729	-2.194967373645543	5.836922068038875	0.1390634931797839	-46.35005682842674	179.12973427387698	6243.542646544607	180.32406353358724	0.1163999530241872	-0.372035000013752	53.40228791333843
-23.683380572188053	-45.37657777612534	288.7915832384574	-32.6137269463237	21.81529683331185	347.5214583511843	226.69180700354627	-0.2775230345080231	20.34199576174203	-1.9450132295793647	8.74880465485355	-1.907917444242253	5.934652052636817	0.12330602652610462	-41.95012398838568	179.54015970340376	6149.148471564978	222.41068993257298	0.0893845732458095	-0.5793220898074835	61.01807174509026
-23.6826642170625	-45.37713048986102	341.6608793506189	-30.51328351210294	22.927532394252022	344.1739689730942	226.3867773126639	-0.2699049936453071	17.819284838984903	-0.5008393513548983	7.5672159256045095	-1.6981194087608096	5.916302281579961	0.10853315438077513	-37.63355400617013	180.23895850451035	6060.020095521051	270.6092722829987	0.0343700730770807	-0.6416204478816868	71.1080204920344
-23.681893795772282	-45.37774220913383	394.5720345650621	-28.08090906006559	23.73823988357202	341.2627819718182	226.04010964501518	-0.26086856832262684	15.672710703219073	0.36240357765433495	6.624396078763239	-1.5459239120653092	5.846191342638709	0.09813105566891413	-33.987816190930474	181.02818870982276	5977.588623978855	326.4174264987815	-0.027369110957546	-0.4968350418300444	79.47678746035047
-23.68108016379774	-45.378387870417114	449.8009285918658	-25.68249796810547	24.35432735568096	338.6745810192138	225.69578459284583	-0.25578026219949995	13.931501147011183	0.934773585002153	5.878399907127005	-1.4292542815805944	5.760424576755888	0.09280580069164782	-31.064667679605357	181.86484845619677	5900.920256741596	388.5152765660133	-0.0591199493895691	-0.2852412397679448	83.22767362289821
-23.68025410259826	-45.37905490660832	507.788030666551	-23.481634624904796	24.857074929547373	336.43707542125037	225.37946587128903	-0.25292302307661024	12.52634822489102	1.2930514633149646	5.283649266772415	-1.334561524354088	5.678694343475227	0.09100668951848032	-28.765163400893634	182.7553101865235	5827.934177611083	454.4306902526383	-0.0520667114776774	-0.1233777315791052	81.83934828876647
-23.679038895076452	-45.37996308943709	590.5606126391415	-23.06793512997021	27.30653036781822	333.9995688699227	224.4164921407715	-0.2757154348684664	11.292654984037448	3.268988006364957	4.503371131951505	-1.173135511669243	5.887615594923464	0.09487608793590348	-26.484535886880234	183.50725193502666	5701.104445579845	542.2134877860601	-0.0381307518718387	-0.0408545310764456	79.6567957270245
-23.677134989151142	-45.381296484556415	722.5092606868133	-20.259260101939113	28.876839688839418	328.5302989833386	223.73431527081834	-0.2524180328412703	8.813504560904345	4.7525920250245095	3.193390955249545	-0.904730869094563	5.896759022798276	0.0814936275822123	-22.21407560371198	185.36623193312636	5518.755844702405	679.3589880223656	-0.0293271651748977	-0.0157001722700461	78.12940869489978
-23.675477892043894	-45.38274025203793	861.0137433986336	-16.515215052384583	29.492865960744655	324.40819412816234	223.419599291922	-0.21624302517303273	5.642091346471705	5.101457768790654	1.7231592758090712	-0.648117269103095	5.697091673379128	0.05952062574201428	-16.93498036121878	187.4174477950925	5370.024713281168	821.2220240849704	-0.020393952333461	-0.0194164085684694	77.53101332686678
-23.674150212066934	-45.384163077125336	991.8642674737648	-12.573429087066266	29.71445831920475	322.054086765972	223.25954624431	-0.18292181304357644	2.9416275717199523	4.119169160974034	0.5878000140309225	-0.4823289477180512	5.399176803381527	0.03934185938825763	-12.320332078539384	189.48636011508052	5261.80700193024	954.0174720723375	-0.0095336026281403	-0.0334807490506185	77.48662077668841
-23.67276259499688	-45.38558063590857	1122.36753484744	-9.192297756403136	29.887707907054892	320.2895899464378	222.95918027448133	-0.15044541421794863	1.4211564013590277	2.5574947730919053	-0.0514510231751802	-0.3990073800077025	5.122247712606204	0.026868926080985716	-9.39515090285911	191.71071131714857	5160.125418177198	1089.7240982730448	0.0022255908270708	-0.0462148699069304	77.67372531356048
-23.671280654973323	-45.3869968517192	1252.7058713870294	-6.847593171561838	30.003459561670923	318.6805864931246	222.49795302050012	-0.14730115046672845	0.9595487258483486	1.791145370959299	-0.3289266253339248	-0.3261382001951302	4.911162371903943	0.02656786043870491	-8.005852920498914	193.96933208336887	5059.224413468019	1226.3614367500786	0.0147045033777122	-0.0490149367266263	77.77205156031593
-23.66988499014537	-45.38840445301697	1379.2718175745313	-4.8457593891821835	29.976612704271325	317.85072908311594	222.0464306913587	-0.23034576814934077	1.033733865240761	3.3169445332587677	-0.42508509589093924	-0.19105529325044993	4.748120960636647	0.049847079634328065	-7.411548844397463	196.30669849652932	4956.281141207194	1360.792121860305	0.0248954472245945	-0.0397069821035089	77.49611084628626
-23.668591138826073	-45.389776828864655	1502.1037992744555	-0.09781199779634378	30.020895039328373	318.4259228104601	221.7285863267332	-0.3999853317370893	1.4263384940305044	7.365819720679207	-0.2747972576134552	0.06877931113993274	4.575587551229701	0.09510107003153921	-7.4444771717974305	198.70447944732172	4846.530005991446	1492.5852535506879	0.0236773573006928	-0.0295472809850715	76.99363771024872
-23.667274756816916	-45.391077626322726	1628.6176283583284	9.475231881069476	29.75976312957913	321.95588441646044	221.16240718844952	-0.4910354180623478	2.7071486892249332	10.548280612676805	0.3740029896685769	0.377472105102225	4.410962933698224	0.11619171213855468	-8.560082141401956	200.87831692668766	4735.666200351128	1616.5897500889334	0.0082949805215327	-0.0253013797803867	76.15789185378792
-23.665850786332904	-45.39235922367849	1753.9313221388675	22.257266929163368	28.60222392323587	325.2891669258553	220.22259741730463	-0.45626080942369984	4.933313940323332	11.168791995594798	1.4757135576942053	0.6343767321497639	4.296062842546621	0.1084983945647832	-10.788497022635944	203.08125549729712	4658.7244955880515	1735.4423689391194	-0.0332827340677002	-0.0234910539530614	75.0137476789176
-23.664405685289054	-45.39362699670695	1865.6920971132363	35.957883207701585	26.299962424121624	324.1959905253908	219.06127975030404	-0.393747288975758	7.692204583383335	10.873572156979856	2.80199245619221	0.8645539049058524	4.237650689291404	0.0966870832703288	-13.635901953424314	205.5027849276042	4583.99205622613	1847.0910161449094	-0.1404741016576713	-0.0261222645671524	73.60120853606311
-23.662890752725623	-45.394853304861115	1964.38239946983	49.676385330959114	22.81792400230333	316.2827985709969	217.63450603294405	-0.34480114267193157	10.776852649297043	10.421612004166441	4.220720548476851	1.0747201632396652	4.219642804655352	0.09060302614342693	-16.779801042461845	207.96864967003435	4507.904784939102	1950.7413018539542	-0.2435002388090614	-0.0958109353447671	72.34008316420706
-23.66123804553738	-45.39601710366931	2050.8674051271128	62.8348312276222	18.30534301366601	300.24872978158845	216.06716220591437	-0.31660467522341534	13.949645353131743	9.956743571017777	5.638249538666128	1.26281830789245	4.2359700502158715	0.09308769619183668	-20.141345789242326	210.4565857169141	4420.442487332583	2043.8962928315439	-0.1623424050101386	-0.2989806157908519	64.17442649958929
-23.65947327519595	-45.39706264808965	2120.72935059915	74.89240081267761	12.99605990729999	277.1360454970152	214.64907283074058	-0.29348839855221354	16.97874230707362	9.297327645192256	6.977892223525939	1.4122612268463643	4.276840196713573	0.09956906229730825	-23.650041672601088	212.93022630914737	4320.946293848518	2122.095406971358	-0.02433706589468	-0.5314763098428033	58.01147587324214
-23.657694989577404	-45.397948975672115	2167.055864036094	85.48305169570588	7.178424538894521	249.51236175417594	213.54135252953952	-0.26776230102511167	19.712436981937188	8.177434089822436	8.17531279850658	1.5037258977135601	4.309383166798183	0.10261994454803058	-27.15103307578547	215.37088042559503	4209.7316615436	2180.3453297733017	0.0200676554032156	-0.6455270535961596	57.96453288814135
-23.6559111027591	-45.3986346008537	2190.362132806773	94.18478340929228	1.2163646814877562	220.38593375924953	212.89704718829316	-0.22176404723305376	21.874876773514245	5.991949133941551	9.099633108887122	1.5101907893625452	4.302863000903409	0.09564877925919993	-30.222257631131164	217.6820085505105	4087.9575686373855	2217.635541396296	0.0334866092213577	-0.6921598617651257	58.32250379561541
-23.654054423817676	-45.399041236797636	2196.540489448994	100.0790335744312	-4.613604557184347	192.49037419827692	212.83439062335242	-0.09228300548510711	23.238900844715424	1.3679382385115582	9.622089599350875	1.3949959214859755	4.221564640272311	0.06231808247999813	-32.411621142144654	219.67673373714325	3967.4344472736325	2231.140730854991	0.0462551841315922	-0.7001723078525346	59.1945873907606
-23.65224604130461	-45.39917760137253	2186.3197774577984	100.0193832846675	-10.512563657642549	164.36949297833038	213.4193772703938	0.13396329061313947	23.754204264387795	-5.530561724191505	9.649641627473159	1.1477529342852562	4.108081705193456	0.002660928755182393	-33.448720693464345	221.54218108481064	3849.8011729440573	2215.600974465907	0.0622004681117265	-0.6742712690046134	59.12123088938048
-23.65058912989675	-45.399080834765606	2152.9943374954373	92.40343104994591	-16.091148754105784	133.26520889275264	215.03290741741324	0.295072137881771	22.868484505044428	-10.980342277270362	8.994702707452255	0.8729536650637055	3.936976486252494	-0.03675572143466574	-32.754101296399526	223.6198393160768	3727.78452525417	2176.206255799396	0.0805413877408968	-0.6134925667888846	57.55397671163265
-23.648969162774065	-45.3986741110044	2097.9632398095755	80.16546387279402	-20.760385420720016	102.92156500616332	217.64708824241356	0.32687647659571295	20.69570220968673	-13.089664961826148	7.76690992048446	0.6783129445131024	3.633664795764772	-0.051013063562952744	-30.268389764449473	225.47397856417984	3556.230925350067	2112.2940716736007	0.1055163528541705	-0.5056255295872144	55.09818539862595
-23.647217914793707	-45.39796417026453	2027.3789984786174	66.77526239175253	-24.3183894509379	77.72872651873988	221.00323177221262	0.31078705375413984	17.7816288931367	-13.472069979001565	6.287796255086031	0.52948914433366	3.172426096335312	-0.06138486973133876	-26.642024186816172	226.83528464638266	3359.7220747813712	2029.75165890952	0.1281352811263798	-0.3493174080599612	51.86005072700669
-23.645465869618192	-45.397005356847366	1938.700438226572	53.50027923619713	-26.795465361888535	58.88883008076787	224.9614379162334	0.287231035742916	14.478344670280034	-13.074833683925439	4.803335962708846	0.3905732272210641	2.5825869837079303	-0.07031907466491087	-22.691241806631137	227.97352267990283	3149.6172737171055	1930.2821568563952	0.1133802518443963	-0.2033616941917223	47.6459090473937
-23.643811941059113	-45.395823635084106	1830.1921045000931	40.89698118531915	-28.394973936528366	46.87051519887887	229.33502811892998	0.268107895119314	11.134807909587725	-12.154555751492207	3.4759890184777666	0.23885553801981135	1.8839377181125656	-0.07706882516498584	-19.00479033937875	228.93504675993213	2939.2751935553797	1813.6404531361725	0.0769367740442887	-0.0932266671890979	42.67012969295254
-23.64224518879776	-45.394439488189064	1706.3712637553072	29.196800846634524	-29.11411002369606	41.48222879265434	233.84480698501557	0.2503897335842889	8.137327296770106	-10.81223272267395	2.4151827225242934	0.0877314146023377	1.1210051798754166	-0.08248149408216096	-15.975547058964306	229.69943418424887	2730.4655424073962	1684.1198391522332	0.0371944088645923	-0.0323176359114886	35.80968789468416
-23.64067567770843	-45.39284701094611	1580.1374111119428	18.558435136986574	-28.84253453669664	41.0479213896745	238.35681210398062	0.24578060381040906	5.9041520059894825	-9.182360319925504	1.715885054676459	-0.03223830682037337	0.39417970924764406	-0.08855816140809207	-14.078069433950509	230.19202215168093	2521.332776824911	1549.7956401241183	0.0027557014221415	-0.0160247201295506	26.279853304816285
-23.639060461878806	-45.39110026533312	1458.396484777392	9.813337607021793	-27.68791011791139	42.34579838662318	242.47954049982945	0.24393632395830891	4.872315535099841	-7.2815946810620344	1.5570297293564634	-0.08614498438591119	-0.18972741162599935	-0.0917375004927904	-13.850656379592408	230.53363167785037	2299.371550189668	1415.9892483192355	-0.013740653158758	-0.0284535233702412	17.700568194118723
-23.637366135807437	-45.38932255736724	1343.1648086958853	3.484573622971021	-25.569930126006987	41.19359957120666	245.74265905739577	0.23387891142539247	5.305952839410307	-4.973843066986803	2.0109569524964686	-0.060454233277673144	-0.5620705164228605	-0.08879457283657478	-15.533447671092734	230.835197460875	2055.9901060752372	1288.5086169647116	-0.019293667326054	-0.0624644426521787	11.53953805548352
-23.63550875730419	-45.38756908185402	1237.9093741918439	-0.30185830276106645	-22.4379204464366	38.25618018510032	247.8991024499092	0.22166982736473423	6.98027406429537	-2.7155621898385536	2.900173952565227	-0.007933720412143155	-0.751490952683007	-0.08347731177208953	-18.716094506949766	230.85668939788576	1804.7114176698822	1173.264089597406	-0.0206005701820428	-0.1247426956230501	7.729872710518101
-23.633631103062157	-45.38585941382338	1142.9581910363581	-1.6925604710189979	-18.599243987560218	35.058522468512464	249.08907284875977	0.20704755815456438	9.506490854778587	-0.9359177551344235	4.065938254040696	0.028343452021532035	-0.7994341516278343	-0.07857970870463502	-22.999530689339363	230.43996824613427	1558.049164278197	1071.818587359087	-0.0117983554546714	-0.2274280527916638	6.775860224250195
-23.632658983876183	-45.384976352217684	1077.4537777864537	-2.076935431501256	-17.45627602670804	33.8210348241656	250.17938006352955	0.18132155322114973	10.516789673841041	0.11237589965593682	4.665479025138613	0.01590246272905476	-0.972816215981596	-0.07123390877619312	-24.944294278674008	230.33993761275042	1432.7094693352556	1013.456901434966	-0.0081327602086753	-0.3374822511132179	8.553114966130927
-23.631817724440758	-45.38407805871391	1014.5016892901376	-2.415127902803209	-16.0190550455456	31.41763606067468	250.92588475157652	0.17174791970694497	12.034730935576375	0.6157745346151686	5.446448764898125	-0.027357414874428818	-1.059849370948491	-0.06257061634829306	-27.951708666610127	230.2629708646624	1319.2508451311942	954.0526611167313	-0.0102865622019819	-0.4305184626396965	11.702129133067864
-23.630995921501235	-45.38313218998682	957.9415871311843	-2.914242355209489	-14.06211651868024	28.705895940207522	251.4092101322074	0.17868661526850738	14.072051158238782	0.7877846923220064	6.3546650052563205	-0.07272130578029193	-1.0434801501555897	-0.057518482697207225	-31.871720062430988	230.12313333563503	1207.506148483593	893.90966423532	-0.0103629313316415	-0.4908357223221773	15.25867487862319
-23.63011199936133	-45.382146343082866	911.182490972813	-3.3672497771514585	-11.227904126774794	26.50629950790429	251.55722589097238	0.1949474425410185	16.686215943754984	0.8088361089416685	7.377918319538232	-0.08084476924393685	-0.8772274776123457	-0.058896687232162764	-36.46281305753158	229.92614232246626	1085.619569455782	839.7828665793414	-0.0138796947806926	-0.5146147187551838	17.912690148046906
