LAT(deg)	LON(deg)	ALT(m)	Phi(deg)	Theta(deg)	Psi(deg)	Vx(m/s)	Vy(m/s)	Vz(m/s)	P(deg/s)	Q(deg/s)	R(deg/s)	Nx(m/s2)	Ny(m/s2)	Nz(m/s2)	Radial(deg)	Distance(m)	DeltaAlt:Anv-Tgt(m)	JX	JY	Throttle
-23.685331212565156	-45.376898479967636	300.15540770199004	-42.25820565536919	20.580677739440524	332.99020914694177	228.3698350021883	-0.5255439324150513	22.161428690669617	-4.819571404320844	9.293557476279371	-1.8781067151851214	5.584614920356694	0.1612291925772121	-41.844156123505634	179.95629831019838	6406.527993864138	260.5656841625553	0.1008829310745988	-0.3696265869392776	53.28971932630609
-23.68450679648524	-45.377210696845964	346.7770140726872	-41.1268581895458	22.21318288828635	330.7099756181392	227.78665541692752	-0.511355880393419	19.82392466141302	-2.553571921117063	8.019278471230775	-1.6165120223743665	5.66817151133225	0.14329372012268507	-37.80732449308727	180.50463878685892	6303.294311334793	299.27865804988147	0.0635044156607151	-0.5618141025671542	60.28858734203689
-23.683644129098735	-45.377659659418285	396.1706328669548	-39.00720225549763	23.33611924558352	328.5565355767208	227.31102103393354	-0.48424714444715106	17.466030583233472	-1.2145369232729242	6.924539775033499	-1.4285545105579232	5.672259584925813	0.12656259893296345	-33.87938488443042	181.27969398373835	6202.3005881561285	340.06543516325786	0.0121744915718889	-0.6125715814171917	69.74046553896812
-23.682763305471404	-45.37819298945636	446.7483899012004	-36.631512959714684	24.10182357782293	326.68247178449025	226.88416062102337	-0.45835898177140355	15.420725314255286	-0.32413136586332114	6.0474969662218685	-1.2967087470161063	5.636123478191614	0.11373187118483706	-30.536155078824997	182.13541800768587	6109.138415954011	386.1711807263623	-0.0390021139567637	-0.4677906413147353	78.41599381422648
-23.681891751586065	-45.37877397316058	498.1615209863173	-34.23677372764219	24.622552071218703	325.1202298550399	226.50321529841838	-0.43799237691952375	13.719166645814175	0.3304441253491497	5.355596100893368	-1.201240027964101	5.581330395406247	0.10541243691958822	-27.8355605465139	183.01859330688225	6024.602097694359	438.03098254362635	-0.062787881211191	-0.2625017284189653	82.32790129401248
-23.68104752416688	-45.379384619665004	550.2455171219193	-31.913673818446018	25.003380986132676	323.8337495230523	226.17403320300068	-0.4218621353915647	12.31841375231611	0.8100513334543591	4.810937508921344	-1.1283702268992382	5.523795060710219	0.10048288294406287	-25.70666024119779	183.92293522997883	5947.264952492787	495.0528907027219	-0.0542543842099261	-0.1123626012236684	81.57803937562016
-23.67992505456642	-45.38018226769846	620.2913963719677	-31.62592695852087	27.262107584498597	322.92161576554724	225.06979161699914	-0.430802947941099	11.086112117031773	2.8305077738410827	4.077662929294667	-0.9907420826466566	5.737843139187817	0.1012602738066662	-23.510609042120063	184.72790842904342	5823.9752447203755	574.5096089520819	-0.0406964656308896	-0.0354011405285921	80.50644468867655
-23.67806587814591	-45.38137641916361	733.5629793842534	-28.169223379544512	28.689760060359966	319.21047431779624	224.2259310118563	-0.38886564508695154	8.675179860092776	4.395852294183532	2.8760528404990273	-0.7619284979806674	5.757035226275467	0.0838132685313503	-19.624904848915982	186.6504824769451	5638.834995984231	701.7309807147733	-0.0321015874028271	-0.0063670550227835	79.849637891192
-23.676220133772375	-45.38273821158346	856.4304486119834	-23.013109140262394	29.353396049696364	315.62175711903296	223.81207686478874	-0.3401888992083729	5.636051676270351	5.170082248907667	1.5941510440806328	-0.5450690119980075	5.59729852577575	0.062449751417261834	-15.00619603246487	188.85665278190098	5471.1264631548465	837.0044009905918	-0.0242713151177403	-0.0018295673298255	79.72067237416695
-23.67458061903079	-45.38410916541299	979.8262709768635	-17.845390255562602	29.68401140937495	313.6491011150816	223.65805893092124	-0.30030592407805173	3.08040638966567	4.776991478014543	0.6545132441577429	-0.4217163066563204	5.369313831182932	0.04514344838202989	-11.03201620136819	190.9339010554285	5341.211435310254	965.5199868282558	-0.0150545542124678	-0.0094609413053456	79.93599514094836
-23.672992399982345	-45.38547269294436	1105.5630472448943	-13.774354655373008	29.90433808817803	312.6968043052984	223.48096144031916	-0.266842132799931	1.6178226790388759	3.733856698338195	0.15083512639301438	-0.3781848331442387	5.164210936847467	0.03276592801776703	-8.546850341836713	192.96431344260566	5229.8187906407675	1096.6401159202799	-0.0054203302528141	-0.0215630636958757	80.33903536621206
-23.671454079542325	-45.386832275866524	1230.7303951585009	-11.285719836012493	30.152063994384655	312.55951460936865	223.2379056160009	-0.27018868894508635	1.0898840897946946	3.308936319759822	-0.05082357039155969	-0.34277236444423664	5.012858689981495	0.03385622247947319	-7.3330922549478545	194.87991992183183	5136.880791301843	1230.2572062454578	0.0028408019659812	-0.0314657727682421	80.81623570118924
-23.66995205951718	-45.38819827919819	1357.8480946827035	-8.584908569944252	30.49544818018458	313.50402643988866	223.08783236752106	-0.3537219906910841	1.0302816344240624	4.902207804584828	-0.04377073862740248	-0.22305177501208337	4.901661890827137	0.061999209670543176	-6.885647040799469	196.88228488768146	5041.411181875493	1370.7099406845734	0.0090953230052041	-0.0327766954942381	81.03335637136057
-23.66844165698379	-45.38956311754762	1483.1110372837034	-2.825427006909787	30.912595374687918	315.07982526059806	223.033853642252	-0.5255977626326509	1.1646873131362327	8.981402599870416	0.17121291839001138	0.04054576081455001	4.779982650456207	0.11567144717105746	-7.154771676617427	199.10118028316057	4938.508831759407	1515.7405967089503	0.0125216267743794	-0.0240369329211066	80.37906595759787
-23.667077125506008	-45.39100356039753	1606.701416836206	7.32372818495962	30.68554378179141	319.90372129214813	222.7664623395414	-0.6333345216585647	2.082310893583544	12.518139186881385	0.7761728948095906	0.34734497358668176	4.626090951548357	0.14408639316768274	-8.28186864936221	201.3515967642413	4827.702856851074	1650.808358414098	0.0049491464185179	-0.0139482537259188	79.17734460768989
-23.66562446102835	-45.39234991128276	1736.2117033940845	20.940450389342978	29.567557139515618	325.6632777279093	222.15370199656817	-0.6068599016053031	4.144113960036726	13.23527537391072	1.8821480477703645	0.596108394910258	4.518782479535192	0.13812342835756936	-10.659285681602018	203.48685320961567	4738.6759444051	1772.7996608341757	-0.0402189356735002	0.0084877251373144	77.84448867928076
-23.664073352947533	-45.39363221849475	1858.373262352276	35.199861015866375	27.41495715569202	327.96929985976715	221.3722801611459	-0.5468122563512257	6.770215715297651	12.79614627680714	3.170447794036051	0.8115093264448205	4.442519928467005	0.12521291823469574	-13.671411516224069	205.69582919672007	4647.110417809624	1886.1829136404922	-0.1354919690242825	0.006200059330758	76.81900272302406
-23.662498994173458	-45.3948760007372	1966.290698917445	48.96447058864148	24.177839264560756	323.88221941502644	220.41257352799653	-0.48543008551637473	9.649812079595971	12.05190684312971	4.512760356927199	1.0028622567475365	4.404149603776586	0.11257199231144129	-16.92284671575614	207.9842138066445	4552.909713119033	1984.8737869653548	-0.2400446432974211	-0.0646008160980634	77.23111418811862
-23.660892379801695	-45.39608491371079	2059.7125375651653	61.664207595453966	19.809497445012774	311.52847242711437	219.34787219798926	-0.43244208557133446	12.562163864156153	11.188614179129823	5.827215753949355	1.163297026499515	4.409489213433703	0.10271191570807472	-20.262781414709348	210.42367138899039	4449.6351826167665	2065.49552046982	-0.1886467894211621	-0.2619163537128062	69.47600688976944
-23.65923305435401	-45.39720801253078	2133.737615674065	73.44840445923201	14.514775039300227	291.95785522716204	218.3808388436381	-0.3857530326418931	15.418204167542715	10.276993048695699	7.078244270463412	1.297093960146151	4.448980059500332	0.09866504884970423	-23.79188635442465	212.90557564622992	4336.781659295799	2127.6688252326	-0.041961636785038	-0.5087128335939239	61.31928866530034
-23.657559305573823	-45.398193386335095	2182.907743079184	84.23977378438818	8.658235651733074	267.15439195945265	217.64392854057465	-0.3360501471812422	18.17850753975288	9.216087235723894	8.261571542293876	1.395055654314876	4.494952781108629	0.09741984355672373	-27.527023720537887	215.4106668477097	4213.349738273296	2169.5580092709706	0.0086593748706266	-0.6193448932453712	61.82344733576592
-23.65589963308994	-45.39895675132505	2205.4049088151887	93.7182918781142	2.519397649540648	239.46549754698063	217.2285799596179	-0.25446324220505945	20.71872224976848	7.401292422284271	9.346896611398135	1.4260573745264224	4.488180577058712	0.08418239353128351	-31.28454552837787	217.99806231763492	4074.364080042469	2188.2606618843456	0.0247835759804122	-0.666991238583714	62.11153326175759
-23.654301065587315	-45.399406562487314	2200.7077058589043	100.26453606941551	-3.7781977438998346	211.54598038358967	217.2513126462198	-0.08842044650770511	22.814886766327085	3.392181075357274	10.128864591680443	1.3222621413474545	4.390759958052863	0.03994094951475634	-34.48144782337461	220.26587673554621	3941.633936720761	2176.7481896818053	0.0371264291174834	-0.6905436547514874	62.26604654328758
-23.652796929049153	-45.39957593387321	2174.430246210047	100.96270744556311	-10.093342140270714	183.8923856208461	217.96479464969175	0.16877452822512265	24.230910597276285	-3.3166311193816256	10.370269043198105	1.0431830023066904	4.255803295171695	-0.03069876902685572	-36.34459028018489	222.0536826568591	3810.5434166461973	2134.9971699650505	0.053580187309839	-0.674338558194215	62.56058432050657
-23.651172529673534	-45.399404380138044	2127.3481707629244	94.55059101171494	-15.655233188296515	152.6824298478845	219.61993870457496	0.349319233442983	24.29971328882491	-9.322591586314257	9.883294765439201	0.7184778322200194	4.110159775204971	-0.07266072290987294	-36.50755916583506	223.67382819251446	3671.8665115471167	2074.5172810918857	0.0721813353632127	-0.622726050042926	61.76191851890252
-23.64947934919281	-45.39900802573129	2056.406679285889	83.01355994937434	-20.146783507941517	120.59852787544469	222.26062471498116	0.3842830327714151	22.802941979149313	-11.952272863672452	8.683241648040005	0.4763357981371705	3.84488528895305	-0.08093312101288441	-34.63527090522817	225.18862368333885	3493.2360818373027	1999.5023099955852	0.0896705501185193	-0.5367886230555486	59.13434230415856
-23.647717535769154	-45.39836188942276	1973.65589010218	70.08070621757359	-23.5130274040221	91.95288737214453	225.70156082559362	0.3781935030221691	20.39424953919335	-12.635124172714503	7.228785482859905	0.3006651648294493	3.4566983172797676	-0.08557448076826875	-31.4683176220969	226.46570356212663	3299.784790271666	1908.779185868724	0.1075086986246599	-0.4117095010751028	56.60751678165037
-23.6459854259881	-45.397460173894515	1878.9413262967416	57.017015493026484	-25.906609889100036	69.05603951232345	229.81065017129862	0.36341398431318833	17.494925902521874	-12.316679288986887	5.764804955599336	0.15171370467099013	2.930267048903696	-0.09101180982069505	-27.818824403421036	227.5917540931664	3099.8299152872373	1808.8039399219567	0.1151338057348269	-0.272894548335516	54.99667876973761
-23.64439839171433	-45.39628080595477	1768.802256197277	44.2811399444404	-27.31291654741824	52.765935473193714	234.46523618549273	0.35962714215926245	14.511128507736618	-11.3259213199277	4.457982201138056	0.0043060934623189	2.2680489349919815	-0.10052821145385622	-24.49266281153788	228.45993381724006	2907.888264306551	1699.3713575599384	0.0959014517600527	-0.15050693144917	51.979952665721
-23.64291336124927	-45.39488662502237	1648.1915550512651	32.19868629338326	-27.680088391134813	42.86962673830148	239.3037882183101	0.3614360137012115	11.811606127289632	-9.944641275833266	3.424840321862765	-0.14161119313666798	1.5502682810469017	-0.11542842196404161	-21.865077789333473	229.18846348111674	2721.265966901964	1581.235180893987	0.054496109582888	-0.0648294460340052	46.87583518762521
-23.641361534681188	-45.39331526660378	1527.626749354646	21.3238888415809	-27.097969081943507	39.220832461485706	243.97803107369396	0.3510564816496945	9.666562082876812	-8.418962346175942	2.7059371993368844	-0.2650708177163856	0.8735595307708456	-0.1281350038311619	-20.123018156560885	229.78544760911217	2529.7543555007223	1459.6879597944057	0.0101600982119843	-0.0130347338215218	38.338479874025055
-23.639717388956434	-45.39162579744648	1413.9260921878513	12.173863074169564	-25.603889588550704	39.191283377042815	248.24730929153355	0.3235424090997728	8.29166765750666	-6.773415061337549	2.3208549443919586	-0.34414262354213027	0.3185477157274848	-0.1327634093395058	-19.453827408475163	230.1088163287165	2329.833139860053	1345.5621702540404	-0.009898212188147	-0.0138780816661337	28.9126512711671
-23.63804949943125	-45.3899385435198	1305.6593210367037	5.154763072596451	-23.180442328507652	38.16221668903989	251.61064064882498	0.27003943272048303	7.977510986452292	-4.835181942621678	2.3856731672294837	-0.3588686001564193	-0.045401638611434744	-0.12710398932493436	-20.242500745016137	230.45419200803207	2111.580117769931	1241.2766538474903	-0.0054751629189767	-0.0759861036522666	21.17488029030628
-23.636340418100175	-45.38828139166763	1205.2078875537202	0.45399082283544734	-19.825336865864507	35.20554065296247	253.68965277510392	0.20924304102087138	8.888629340945752	-2.6472972688198406	2.982156646257804	-0.32427254220820484	-0.22677624420718862	-0.1190720321694562	-22.703368264535793	230.86903127477973	1884.777239431168	1146.7698379966068	0.0004493283422783	-0.1616826443394249	16.61388542020414
-23.634685769485433	-45.38664594817335	1117.364521386357	-1.903110272118624	-15.74092463321784	31.968905012305196	254.73749308504972	0.16402773705618975	10.783473138262298	-0.6032177542629509	4.015423474414424	-0.2836629764242381	-0.2655048068637965	-0.11626895739720725	-26.537304231379856	231.01087104203157	1671.9733310638833	1066.0903996990444	0.0036980331486437	-0.2491056201647674	14.170132909157688
-23.633874074115997	-45.38578656430488	1063.2173089680891	-3.2024710562148186	-14.416079770369878	30.075230994963785	255.98714220354725	0.14473145982054347	11.385864011557068	0.8851952393619766	4.57622268970615	-0.27003351325935315	-0.437243948270342	-0.11960587133390649	-28.197244122679635	231.28290872449782	1571.67512072423	1020.3211799575662	0.0019021826277263	-0.3336232294207628	12.746132132192557
-23.633236243520955	-45.38491596404343	1005.3594598630398	-4.316699640783362	-12.888330433924057	27.8376861171828	256.77649914120667	0.12862669762766601	12.576519499574815	1.8706949614463746	5.348516642562185	-0.29446719723527437	-0.5325363622485692	-0.12055881439021425	-30.998544033538984	231.56474733970654	1480.397780105181	973.5309586241923	-0.0079329272684275	-0.4203550787795796	14.193400094504682
-23.632602233200316	-45.38399227677284	950.795328565139	-5.244442962416398	-10.853498182581529	26.131320341312865	257.1015294457375	0.11468347247936791	14.40175495566703	2.362141994587754	6.262750396525689	-0.33466256491030444	-0.5141636351695779	-0.11985716479224326	-34.84687105349011	231.71264999560987	1391.8718098295915	925.2510938862155	-0.0139662479981943	-0.4965380228811942	17.9941133788412
-23.63181441248791	-45.383039631491044	904.164334335213	-5.4194935858050926	-8.080779020785402	26.82009755300066	256.8022622769995	0.08568521320944766	16.818194084604546	2.425926882846443	7.2735558524852815	-0.34756795820517666	-0.33316360546741874	-0.11285995608790429	-39.26599248813025	231.7369744944273	1293.7618031748464	881.8616114163395	-0.0179660792425897	-0.5357110961664915	21.151701638080745
