LAT(deg)	LON(deg)	ALT(m)	Phi(deg)	Theta(deg)	Psi(deg)	Vx(m/s)	Vy(m/s)	Vz(m/s)	P(deg/s)	Q(deg/s)	R(deg/s)	Nx(m/s2)	Ny(m/s2)	Nz(m/s2)	Radial(deg)	Distance(m)	DeltaAlt:Anv-Tgt(m)	JX	JY	Throttle
-23.684481450469896	-45.37641305719993	202.30295778234228	-40.90784539924963	17.964915196485858	355.98134119447633	227.96165156795342	-0.6186812995286064	21.978047750440233	-3.5625172514265877	8.785010880494571	-2.081688799325472	5.996361954467732	0.16162825928215646	-41.62883911815301	178.90354371802732	6394.619422054852	138.4048891619074	0.113983703244138	-0.3472962577694751	52.57475009877415
-23.683502622138192	-45.37693840584688	255.15187940775385	-39.357303105068134	19.843140431552673	352.8994559703487	227.43464526325047	-0.6130245952383809	19.403994814111904	-1.343441938792994	7.532327563826534	-1.8271224473307746	6.10171592388513	0.14651147608875145	-37.499889164414476	179.66901776521738	6287.341919575835	194.63042046796932	0.077782337721031	-0.520556164227517	59.95087242967975
-23.682668777093927	-45.377557030937275	309.3872329355789	-36.83537256155512	21.193846735954384	350.6592283745542	226.9769754203763	-0.5881150347243503	16.991245277760317	-0.03370294938847161	6.5125666611868445	-1.6469363844735787	6.0823304957805036	0.1332665720886251	-33.73209764568411	180.47641328582523	6189.341968129096	252.7554987794852	0.0168512168615756	-0.5595215708756638	70.56780670784913
-23.68191564525069	-45.37823128651829	364.9697246923924	-34.00280369237074	22.175320850755625	349.0852026167508	226.5795622945662	-0.5630165757036185	14.981562205723385	0.8755409820951425	5.715927962430082	-1.5188289572268767	6.002626202359968	0.12509243395933206	-30.61739419894718	181.25168506144524	6103.543316567891	314.7904576593104	-0.0484111927140669	-0.4040863757743853	79.54615656614426
-23.681198154710472	-45.378926584731595	421.97911921359105	-31.179470002427973	22.889725829093823	347.95645614371887	226.2543048239177	-0.5417870243317091	13.362910257269395	1.5778023799370433	5.094553197840161	-1.4232124609873054	5.899648600249849	0.12178339259679721	-28.127463151749925	182.0255598114583	6025.761960944701	379.7104147788376	-0.0686423328494566	-0.2109078797699191	82.45437426315608
-23.680488194458395	-45.37962130859892	480.13075370006	-28.564329683738727	23.419049820383158	347.03250374378445	226.01189211995717	-0.5224687877332006	12.059651579816107	2.1017676184075795	4.604854780595804	-1.3473823236534517	5.794425051354393	0.12096696496506595	-26.15044119754482	182.8442546068993	5950.693739722869	446.17624498756675	-0.0526983631931118	-0.0892759518944183	81.55552131668563
-23.67929613317394	-45.38062012435951	560.9453384869523	-27.87206948484684	25.938647489834153	346.3498968302894	225.08576334017457	-0.5342668484161941	10.842535706789054	4.299905334376706	3.8909929564431893	-1.2087882945061497	5.9706928840974545	0.1247783847587223	-23.99555683868999	183.66835421326	5817.214003928201	540.2086422039283	-0.0380070939871237	-0.0397887023080175	79.6610827731758
-23.6774172839103	-45.38200603982385	689.2404120794275	-24.31178292195016	27.601404785686395	341.5619536157192	224.49470095167817	-0.4922794142504367	8.286734583955258	6.000435344663889	2.680273159899473	-0.9698105691487802	5.9301599460015115	0.11093635293549695	-19.997991894837888	185.64995529089842	5625.089833351272	685.0628000370668	-0.0302417385366892	-0.0291972038936529	78.12763803247032
-23.67572647964465	-45.38340822257201	828.356802784896	-19.565575701872266	28.3750922344452	337.2338973824407	224.30712015924232	-0.43272158899667906	5.102473768467129	6.626063447841655	1.4124363104696522	-0.7513094343375131	5.680497069436828	0.08898118198000422	-15.190352733284808	187.78624813670973	5460.526116632255	835.0427930055612	-0.0227972087546445	-0.0331565511348935	76.94731445699823
-23.67435119903697	-45.38471713433039	965.9422285726516	-14.886452411027989	28.74983482284613	334.73793404553345	224.31363723936047	-0.3669799990379385	2.594466062725515	5.910077649769201	0.5640557639865426	-0.6310096258926026	5.337290104432978	0.06716803339133198	-11.221110958221697	189.74664987378168	5331.7770180278185	972.7742746763649	-0.0128701903480048	-0.0393357084174461	76.035488003112
-23.67297624256675	-45.386041194266355	1103.1765578723448	-11.232836378632324	28.965507264602763	332.0724081534784	224.19563506858572	-0.3058961233054421	1.2719922346336152	4.790937964108791	0.18545301920757704	-0.5769787406656166	5.03100335360096	0.051997054594969824	-8.894222400437007	191.75664220666877	5212.249213472247	1107.6477671778853	-0.0011246089830339	-0.0413194230555202	75.48727729447373
-23.671578421440522	-45.38737643273373	1241.0561673110528	-8.738087687342611	29.162610471694155	329.33230251360067	223.99774186039676	-0.3009827948251617	0.834315543668269	4.6506163938261444	0.08190835021727824	-0.503943622296649	4.806497228814338	0.05271722087229822	-7.619095837670486	193.71226727368935	5109.817773332565	1239.7817519256018	0.0104204111833321	-0.0356750965159742	75.15344272924112
-23.670232927496457	-45.38872846560157	1381.765867469481	-5.372367991767109	29.480526556307932	327.0077568615089	223.8701517060027	-0.401220615040765	0.8406826692298249	6.814644240357486	0.16792473061946928	-0.32128055574842496	4.647909458497758	0.08159759231740815	-6.9406592710642485	195.822356320565	5003.862449066763	1369.679684940304	0.0184819813970467	-0.0212140864277641	74.55602122554433
-23.668852544233328	-45.3901027822008	1514.6555582193737	1.434527869834247	29.722602074851757	327.47774857585875	223.9149187091507	-0.5629982429100291	1.2388787497471108	10.822550223988069	0.49745112114492035	-0.02793051143008025	4.466407340102336	0.12302501122228197	-6.918593526240668	198.17985941795806	4865.845219497422	1498.7101821621338	0.0170654477962009	-0.0065773712342646	74.01779092379203
-23.66717677426007	-45.39141405803305	1650.6202060807104	12.745206954233982	29.355620786072905	330.50459800594297	223.5480574539697	-0.6190868604839114	2.538526117441351	13.053453923186515	1.2613205086273518	0.26022748720632094	4.3193370627491605	0.1326855438450374	-8.154812411747608	200.6033349456108	4734.492560691693	1626.6866379615665	-0.0005569517697681	0.0012500045857558	73.92924758695932
-23.665499505020385	-45.392629691565	1784.6525853265018	26.483797537662724	27.950318130909704	332.0439835940972	222.7645016493535	-0.5759263453959297	4.701580963925743	12.923274376583853	2.4331912367963797	0.5080920683685027	4.231118673201325	0.11826632844756743	-10.598565831908752	202.9057394928964	4632.716532064647	1748.7685573456706	-0.0539529736403205	0.0146611666714685	73.01885043221687
-23.663820418493604	-45.39384008773938	1906.020612384665	40.851545047214	25.577102438771416	329.4547048781186	221.74173768829064	-0.5159910495697886	7.299793693700937	12.090465242679361	3.755537499220286	0.7409116421503699	4.1947771244165315	0.10231996717124381	-13.627298592010092	205.2321762041961	4539.198165844221	1864.1833202522575	-0.1540295914278337	-0.0263125339992649	70.98337692364123
-23.6621762840091	-45.3950270862326	2008.4772749284687	55.1774348554884	22.235162878953638	321.2172536812262	220.46617453520412	-0.46028227187734566	10.21310401056551	11.14611710799677	5.155851172866657	0.9591456840797677	4.208122379783575	0.09100425427621449	-16.98437494747734	207.5525503436504	4457.056916553612	1967.528264930413	-0.2338518724179893	-0.1056602446627803	70.11359093325424
-23.660467682715144	-45.39621256663247	2092.910164630637	68.80679870124861	17.846884436011447	305.86952016142124	219.07979672671453	-0.4188301157656561	13.287309215761258	10.180329049916352	6.55997645994356	1.1506843670633073	4.272943933694982	0.08825525995010461	-20.581904391656835	209.9511360422367	4368.968972757743	2056.5663807004157	-0.1399202102567263	-0.3325215980708936	62.96492274779185
-23.65867252344179	-45.397354864426994	2157.206943382859	81.02139526596082	12.625318374302626	283.59666755480646	217.8392413429352	-0.3877649258287127	16.3198576831152	9.095080544183606	7.904934507296254	1.297063111865433	4.367063674543281	0.0921789200514052	-24.400268906962648	212.47600212946685	4262.205555153241	2125.2832498092585	-0.017519689535685	-0.5522609040105635	59.24205731819016
-23.656894053274023	-45.3983368189217	2197.6712586073018	91.59541317422688	6.9219159047536465	256.8967382229166	216.8982166940039	-0.35964768408078773	19.181798001934105	7.750843197050609	9.14372043280756	1.3836603322517498	4.442479951612282	0.09510011081402746	-28.334417008208852	215.04597493749984	4139.803549504894	2171.027911582195	0.0162605128653705	-0.6447385469409925	60.587743313332695
-23.655131634392973	-45.399048412751426	2213.9006766689286	100.61381836298125	0.8677010469932795	227.7944496398497	216.34420630930867	-0.2973142916398429	21.733087287304862	5.515205561882466	10.216905683817862	1.3948862776479796	4.463000741529165	0.08287275687979803	-32.21956086288414	217.637314236783	3996.479217646463	2196.4214763528826	0.030346455262233	-0.6795540536279646	60.8114520395336
-23.653352867482592	-45.39943087919845	2202.9443895567974	105.92513366158985	-5.510661520475389	197.66516160946202	216.16039052478018	-0.14166292355947227	23.763729166019072	0.9671228913427263	10.962064348950278	1.264628094215895	4.421127375523869	0.03846201354556946	-35.49051991426267	220.06756893277634	3842.835757403238	2195.761301041656	0.041687716810717	-0.6874649826913389	60.9102269108565
-23.65162166408397	-45.39948954794878	2177.085838627386	104.90469243536332	-11.749035610201027	165.48969838237352	216.51080577638422	0.07505050505964317	24.826451102132847	-5.691600605543627	11.099179734804828	0.9895204684722145	4.378168757857452	-0.022491980775149426	-37.32192051453062	222.05323214439272	3707.48533934717	2168.860772019436	0.058258203865003	-0.6662707210057075	60.90421091499644
-23.650221428695723	-45.399310131410516	2124.7405636788344	96.81181831853706	-17.207464750088864	131.33434885920792	218.0093977634646	0.18409096383591667	24.413861373715182	-10.503294793396407	10.476480916208711	0.7114206321127895	4.252824570101519	-0.05300629679959923	-37.10579407957077	223.74750093205301	3555.8396332148914	2116.385392301365	0.0754495590307667	-0.6154705156865917	60.243084722720056
-23.64877314575917	-45.398906858587154	2052.2868262437937	84.72408334515406	-21.36886472991509	99.33887866224063	220.62677158317797	0.18865844218541275	22.68450983276771	-12.414787675556804	9.250652556867191	0.501950412777726	3.9985351382948138	-0.06234083508853187	-34.98063536539472	225.31723219966315	3361.8404387377864	2042.4417296678578	0.0863841488149302	-0.5313713267089524	58.043525714495225
-23.64723867658184	-45.39820641684843	1969.8175174170137	71.41377234310555	-24.370100586695074	72.27922672545589	224.1217717840696	0.16900299316279715	20.148803293480345	-12.833712538171577	7.803076941592472	0.34829914080727614	3.6051830185986105	-0.07293819766362158	-31.672862631383317	226.6532005551656	3147.7023328728255	1949.8196380747636	0.0961645240427478	-0.4014158048170949	54.186549631462896
-23.645678802778654	-45.39726822414828	1878.7478340499358	57.82683274274666	-26.464076265402376	51.2880713380964	228.25827739549013	0.14159302738708474	17.12416931377468	-12.461854130622845	6.327139457126244	0.2230130650131331	3.0733343750950115	-0.08345195280873158	-27.898314517150204	227.8725493681508	2921.7971802031907	1844.1753611803615	0.1069164151340763	-0.2550981949228844	52.79892192130276
-23.644188591290078	-45.39608229670489	1774.1175848016678	44.54085235848647	-27.788559022349368	36.91581785694743	232.83577542419448	0.11344942609248335	13.946511729684744	-11.507628698034628	4.9757218761599	0.10498589180892522	2.407882304329067	-0.09358652370005119	-24.31352526684913	228.8976848419342	2705.4643992237557	1724.9939746012083	0.090855954885026	-0.1394633973236302	51.55746494853385
-23.64279566537133	-45.39465398867732	1657.9270520079415	32.096400367693015	-28.254794604703285	28.631109251876836	237.6810026782823	0.09445321749477695	11.04832398368583	-10.076558536116297	3.855947687933708	-0.0014858440951536337	1.6751026991133244	-0.108442640187234	-21.411743229847154	229.56796424681542	2509.6788092699635	1600.300800335738	0.0487217240903212	-0.0612535705191414	46.91013496195572
-23.64135088812511	-45.39303900049082	1538.355853092332	20.90443763504576	-27.679031813363945	25.431855652417006	242.4654571198658	0.08706319548891231	8.765327930169473	-8.445893491737246	3.0505227500577936	-0.08413492970436598	0.9845695584889043	-0.12497894954459307	-19.456121308877133	229.88629818923354	2320.6130101362473	1477.6004593199764	0.0017432762699216	-0.0132344517356808	38.69933747202713
-23.639643876986764	-45.391316150447025	1419.810205182454	11.3882169974359	-25.849217254669828	25.397736080635063	246.70790981242584	0.07421729864684476	7.485439400652344	-6.724675736774432	2.6510365102228457	-0.12502247098443142	0.43100594404254366	-0.13518425506395915	-18.78781157498428	230.0846346227641	2112.859804155735	1357.8999355915014	-0.0211196858052961	-0.0053977274175507	30.5618019913971
-23.63766474565938	-45.389571234811505	1307.118035969658	4.0537908146726505	-22.819422687066176	25.91916387432239	250.03268729315036	0.04783507862082501	7.4871288885684795	-4.841735829466407	2.7226439979378143	-0.11618089784161241	0.06789732544088073	-0.1357749647909965	-19.791593215801395	230.25248171242524	1890.7559916863825	1244.6632606392247	-0.0212953152039479	-0.0358434694658835	24.242927512536504
-23.63564484620512	-45.387819228934276	1204.6501265508914	-1.0121753439363232	-19.025424574249193	25.773098506017476	252.28294703991955	0.014420025512693238	8.728972972005797	-2.7029082132748146	3.3390938066870306	-0.06804172799052224	-0.12809234229321598	-0.13173681166408832	-22.48155349579141	230.31525569780388	1675.0408980876723	1139.5856322537347	-0.0117835404891502	-0.1101867924466315	20.269070683560123
-23.633701620733675	-45.386083401433396	1115.0545617607215	-3.9997890628954607	-14.765708492250472	25.30733133604232	253.6081059894212	-0.018450481094834083	10.867853474350236	-0.6882373648671483	4.3730674303486845	-0.015803929467612037	-0.183143881273855	-0.1275968619982739	-26.380495366644602	230.14278611391	1474.0672567883742	1045.1588199567109	-0.0062140492363362	-0.2033862819082298	17.19680111245966
-23.632685908545493	-45.38520406487148	1059.0293039357143	-5.719819990430714	-13.352558257177519	24.32413636713105	254.87918910654753	-0.0347977874418329	11.556797578377411	0.7463217638129696	4.896964621090573	0.01365868607794058	-0.3615304122764932	-0.12800557771091087	-28.029084777432907	230.27711058047498	1380.3716722443196	991.7596572438898	-0.0042685368192383	-0.3200249640609427	15.442282357197094
-23.631712877998854	-45.38431760781156	1001.2532805610359	-7.306475269432808	-11.790681338555604	22.410337615851283	255.62135085186966	-0.05138368739663945	12.884024185607643	1.6953468988106173	5.635577625943868	-0.0020730818139787985	-0.4605703891676195	-0.12433093110217011	-30.810837637535407	230.41045420167956	1297.3984560640101	938.8833466406013	-0.0012967546550333	-0.437541834294315	17.357876911618803
-23.630661284084965	-45.38337711673734	945.8755434072737	-8.783611123576962	-9.701754988428917	20.015132902866018	255.96908897738697	-0.06544423970488895	14.857513409132276	2.2444311172462785	6.5298894000622925	-0.04423338060517328	-0.44762433075744595	-0.1211251922316733	-34.62842053682819	230.42493228795274	1211.346513902835	886.5427822159805	-0.0001558370586624	-0.4978107850712349	19.91282702323479
-23.629487308764244	-45.38239439966609	896.7261610397403	-9.673297666267883	-6.5813505712667135	18.33462727543321	255.86114659286537	-0.07456667928203518	17.507638604935384	2.5201162800039	7.557310288920799	-0.07109463593724057	-0.2639060016299675	-0.1215851510236217	-39.178356502022766	230.3440691216174	1103.871701572682	840.0920227315414	-0.0021688084893211	-0.5216260256814043	22.025465659973896
