LAT(deg)	LON(deg)	ALT(m)	Phi(deg)	Theta(deg)	Psi(deg)	Vx(m/s)	Vy(m/s)	Vz(m/s)	P(deg/s)	Q(deg/s)	R(deg/s)	Nx(m/s2)	Ny(m/s2)	Nz(m/s2)	Radial(deg)	Distance(m)	DeltaAlt:Anv-Tgt(m)	JX	JY	Throttle
-23.686268681654802	-45.37556197677124	159.8039596339567	-39.92726962755859	17.165361560224778	354.5207649487818	227.94115124659461	-0.4052992562144386	23.212430606463442	-6.200314922328201	10.20998436738592	-1.9893315409854462	5.552731547309701	0.1332751187105819	-43.674760447106465	176.9430289142751	6369.154877497745	136.73291808051184	0.1305801078412191	-0.380411212659954	49.21957251236814
-23.68506257406547	-45.376141478362776	212.049274804368	-38.43346360221347	19.220436049177184	350.813403061187	227.616489966573	-0.3902115399217976	20.455385599752557	-3.2749000194447344	8.822364980068166	-1.694050317260272	5.601044865907597	0.11437496770812933	-39.00174094872934	177.43290129543212	6242.339979830221	189.58048778105567	0.093922587416035	-0.5911924494320459	56.886483583310365
-23.68399664038032	-45.376763052296425	269.95825845852414	-36.32729554292268	20.819760715937512	346.53741354872443	227.41511289567015	-0.3608169374514513	17.870694211727038	-1.644603089343237	7.659437917593823	-1.4775490735518273	5.5676470223130945	0.09668874931502029	-34.722972145064226	178.1117581452168	6123.97526602584	243.69815070659507	0.0277733782155197	-0.6270672192755831	66.8003580413459
-23.682996286585677	-45.37741373941574	333.343797280829	-33.96950713011171	22.026955125868366	342.2122365360908	227.2319544196763	-0.3381264518351788	15.741218897673914	-0.6396504275857593	6.745019069158721	-1.3140614810955396	5.50344651099467	0.0844257076283774	-31.25092709356309	178.8397483592238	6014.094043913084	300.24812583906487	-0.0349796682727808	-0.4504051010692529	74.73136788286082
-23.682029701349663	-45.37808839243342	400.0712789484643	-31.429545737533893	22.940940293859246	338.28769445651005	227.05768926037632	-0.3261315592137506	14.019656658926511	0.045956883865379834	6.027982873129861	-1.1855978968064063	5.427196375551634	0.07889627756304518	-28.55796974577267	179.60648700706895	5912.625627666714	359.7090018986973	-0.0607859892994941	-0.2192638227558929	77.39988555860576
-23.68109345141185	-45.37878252168518	468.1656166540467	-28.777671583112287	23.67519376019365	335.10375989236127	226.87914291995662	-0.32064646350437925	12.614334027432966	0.48814354947539257	5.462856438655965	-1.0814266023571977	5.350853213422795	0.07856015510999681	-26.50751372408264	180.4552368120397	5817.902746186191	421.73757114949456	-0.0489717787116236	-0.0645881847940224	76.39159205351501
-23.679548067337066	-45.379822141547784	566.0119149155686	-27.48608644288227	26.56616374585325	331.5451515154406	225.96344527883656	-0.3474761857948994	11.342807905119324	2.7699338164133906	4.7023085210799085	-0.8774263947287976	5.5663086896271174	0.08447688348803942	-24.44034544992771	181.45545207174126	5633.2676592822945	511.7168626143274	-0.0324882983549772	-0.0009502419318828	75.9430083474938
-23.677323557474278	-45.38127818512617	709.4683629254371	-22.943560510529924	28.619040994778707	325.75271198043913	225.2714100247018	-0.3219752016771065	8.6696148327693	4.515081076587099	3.3918348744579125	-0.5750610043024162	5.571171860662802	0.07261884462961816	-20.3286184564968	183.65223876901138	5400.514479617979	648.3686962858012	-0.0242482030029167	0.0104238640853657	76.64996234805244
-23.675369292822193	-45.38283052945267	852.6816359495826	-17.245995413756834	29.683356283293914	321.00160453703256	225.06249578274114	-0.28048293857952894	5.3148806611059465	5.207936982087791	1.994734026629509	-0.31336090451711074	5.366792550844873	0.05698114151431279	-15.438563088528486	185.75924443190968	5221.402231499655	788.8132311806004	-0.0185346530237614	-0.000720545500613	77.986992953651
-23.673728784442474	-45.38433078084783	991.0104204257074	-11.985265865748195	30.2518193547112	317.70766946256197	225.11651196249363	-0.2404560480465471	2.528160457433314	4.5158958045813575	0.929097840211454	-0.16112460444525745	5.087722570745397	0.04371138015636928	-11.379438543774976	187.685283563132	5092.827005437356	925.6003693326238	-0.0113948772665761	-0.0178025178493716	79.35165610850918
-23.672231724138616	-45.385805988633464	1133.5288720640576	-7.873728032777249	30.59291628296977	315.2019734285826	225.00958414610932	-0.2081615952111612	0.9860593778947873	3.1386024526563054	0.3511168406992323	-0.09518236960310986	4.856235330191697	0.03657276283226718	-9.026197197470394	189.85268695757125	4981.069104234705	1063.9262619694605	-0.0025882315002304	-0.0325286020185602	80.43383390858882
-23.670850289990494	-45.38730565701121	1277.5536439897285	-4.6032865116233825	30.69593800022726	314.03003061288763	224.66762138303497	-0.2202105103485167	0.43966734791905504	2.6860289805046866	0.12021643392421585	-0.032796133934852645	4.688561838187303	0.0445555979600038	-7.958207617077915	192.0818208537351	4886.219474615752	1204.3726367620088	0.0073614224827827	-0.0404502126992041	81.04195770462363
-23.669538726232307	-45.38880807043037	1413.3130112593883	-0.9774760177579329	30.5433112728626	314.5760085730977	224.27914883889025	-0.3171287433894519	0.33344570742097834	4.528268723540114	0.08354097439872046	0.09583134958250587	4.5434295369481905	0.0787388941169905	-7.555054870596074	194.4701819946516	4796.2434975277165	1350.259073226996	0.0180021302362397	-0.0364747013881483	80.72933022710376
-23.66816866042118	-45.39022593933085	1541.6679020275665	5.778267715945935	30.201524816925133	315.9666698298707	223.91077416247782	-0.4764483895253921	0.7475662577629371	8.385597782554564	0.3604834080111818	0.35367998263976086	4.39194627677035	0.12673914371671366	-7.971786921977126	197.07616229538309	4688.513475370986	1496.7047306136783	0.0227704085541008	-0.0225485720349133	79.08751413547576
-23.666790956886036	-45.39161328992705	1669.5343159424986	17.08993675112137	29.1394924483585	320.26024118906423	223.24066939273786	-0.5167810328862702	2.3029414354126407	10.310086419128762	1.2307849760555682	0.6179935057674378	4.25578360117994	0.1377067973663954	-9.681682945690392	199.644740272335	4589.084511309518	1633.374975261975	0.0094750319165813	-0.0101958232423012	76.54969518286471
-23.66526302194074	-45.39294374613782	1790.443762485948	30.48325472532781	27.363708590550452	323.0327821382625	222.27671568126715	-0.45022612600186324	4.707882008549225	10.14612422636983	2.443609454163346	0.8324034058965936	4.1720428517178485	0.12357269712397452	-12.240866801169497	202.40830607538905	4519.111742230023	1759.816860344085	-0.0386077361158419	0.0053804410071943	73.9028885526009
-23.663701557393797	-45.39422763789508	1895.6500277225362	44.10327709928394	24.72433459737439	321.1966591326133	221.18777641058477	-0.37203207159370655	7.476211544395895	9.603865761646503	3.743501962728332	1.0314245854662827	4.1255944268589975	0.10523548161264928	-15.130458565227675	205.19288341445926	4453.048753412023	1878.315214882258	-0.1499450727676903	0.0100486243698018	72.78255808484666
-23.66206457181312	-45.39544343001312	1987.893040882645	57.30063837133397	21.14714240287405	313.192673142578	219.95612177267375	-0.30927061308995696	10.452779254113086	8.984486132316064	5.037015425553763	1.2099417185413217	4.108226937909844	0.09061946574880206	-18.1582269703828	207.81789096572243	4386.78523935759	1988.013594472784	-0.2298812618195966	-0.108050610636626	70.81666650206837
-23.66026009233324	-45.39655601700117	2072.2329857501563	69.59526680082992	16.6235202961889	297.1177165882581	218.69781171526216	-0.25635810483864346	13.49936485911947	8.3206377666397	6.29331324397512	1.3564631465077879	4.131669509529523	0.08570775544904047	-21.339939132707173	210.35971255350833	4310.09394210386	2083.509083378865	-0.1102320262318231	-0.3858277757910122	60.45646869926923
-23.65830784433893	-45.3975314070049	2143.8394062742327	80.94051942393165	11.359189458605254	273.4635507603008	217.57397188873142	-0.20906039002946403	16.465373249432904	7.625942360381146	7.4931663777268955	1.465364175836314	4.188967780173405	0.08968587424635267	-24.691991065047297	212.95654147843211	4214.52140116752	2159.8408212967856	0.0016668110639616	-0.5612617579711829	56.44497592958686
-23.656302702026462	-45.398297316790845	2192.1879313393174	91.169078877818	5.653665008756829	245.32833352923845	216.73418847721638	-0.15870824489612617	19.201014561918548	6.528518436094631	8.567391972681627	1.5221692042323536	4.235675693924287	0.09241897665187034	-28.0659931592947	215.574370089878	4101.731519854275	2213.1261520024063	0.0305912845770087	-0.6286911917083284	57.71496568023035
-23.654189070855875	-45.39877776876047	2216.689489682628	99.57570366266859	-0.15655995632476696	215.994959254546	216.32394546255335	-0.07503055025453162	21.420657568630915	4.123543684512688	9.359169130875298	1.4883783547626634	4.2164669690705106	0.07946773636791904	-30.985030631562665	218.06822406533826	3973.735853408104	2243.442255206519	0.0389215686737778	-0.6610030006288644	58.824550440365854
-23.652096148879505	-45.39898900757914	2220.6851956241103	104.49812679197412	-5.925094522389996	186.73015323217427	216.3228680219131	0.0818693486838527	22.929657438873363	-0.6033343115961408	9.753179341478628	1.3400946126018094	4.121881799736988	0.03855165490567388	-32.90940923097776	220.3893507138604	3837.2741465932036	2241.4108161023037	0.04706964598837	-0.6629789831758105	58.97471708614354
-23.6502209536383	-45.39899565502536	2202.03750395632	103.06805948302909	-11.574671504062755	158.16572262932473	216.8307217380846	0.2982492681556494	23.46418962437293	-7.0725544616548435	9.588391925327866	1.0558645241916702	3.9611070158410078	-0.01938900291121145	-33.3727111874276	222.42082890179026	3710.7267944374316	2210.3365910302746	0.0581198232480151	-0.636780258819459	58.32783961874416
-23.648426687886435	-45.3987228998111	2156.606716740028	94.58156544790748	-16.495087025089912	127.97215738611075	218.30276473231902	0.39641939992302644	22.435888682949308	-11.066279895501358	8.641004350084236	0.7823273098795934	3.702137177557308	-0.043828830490096296	-31.878139967712873	224.24247984934328	3570.0777063930896	2161.86902458083	0.0755663801259455	-0.5757508302177113	56.99511649001724
-23.64665116049465	-45.39816797611856	2094.967382302227	82.6190423981345	-20.66169503290208	100.00197935863824	220.79410832485343	0.38319151175796295	20.172391288862325	-12.152281408194934	7.234759330865191	0.5921089142101715	3.296435109104599	-0.047921910734257264	-28.80057441485302	225.49983396151234	3388.5515847373003	2096.581916865436	0.1061978796986669	-0.4628624997159258	55.15789758393913
-23.644833729854465	-45.39733158455607	2023.9997642771564	69.54547802399861	-23.942424708379885	76.41716373194048	223.94555800469365	0.34551286733517406	17.31496400318085	-12.137426775690159	5.726351351161137	0.43313276204881584	2.7676821012356694	-0.04896858955109008	-24.905192334865255	226.40840113025533	3190.4063658568475	2011.9849382823909	0.1278339704761266	-0.3040291963737735	50.3252405331585
-23.643136226347288	-45.396247392562856	1938.1222953564509	56.16421829752854	-26.3381468232727	57.9459318090377	227.62114447727942	0.310354385845598	14.14808789479674	-11.53405755137252	4.310624285979705	0.28278259550626805	2.1310942362399348	-0.04988927323468511	-20.83779144803625	227.26566409423404	2981.768909329224	1906.587439673461	0.1198242737785223	-0.1731883917077271	45.47604226042273
-23.64160841303196	-45.39494172401589	1829.8668495759036	43.21019740287447	-27.772254758972927	46.492160493111506	231.6195991051622	0.27234008325468384	10.94792708095316	-10.463444919614542	3.1056117122698224	0.14055942998734322	1.3823965376497163	-0.052764320197858414	-17.09132940047681	228.09934391720344	2768.3280323582376	1782.6147373682736	0.0861809128521223	-0.0756506575436291	40.27186958586275
-23.64016911464976	-45.39345177891918	1703.341929108427	31.068489342267764	-28.07550753642831	42.27101410317927	235.7151209804028	0.2351687747739782	8.112003919503232	-9.11558427001416	2.206066089398553	0.021339552887722685	0.5831643259139134	-0.05890389234591141	-14.13084584990315	228.8246207294789	2552.0325770528043	1647.8926484526066	0.0350066131546792	0.0054291331845137	32.55474725302537
-23.638781039186608	-45.39183232272855	1572.4625626361915	19.990974862174227	-27.346377635509448	42.599776075331576	239.85294457347942	0.21250829869825366	5.96990789001593	-7.611906291901413	1.6700754336216952	-0.0609950924170507	-0.15757383063507263	-0.06772363574672985	-12.45066896714717	229.35695044345434	2331.891273281168	1510.4799690645928	0.0006122161019715	0.037907182064303	24.39647799637048
-23.63746016996492	-45.39015185674569	1444.7658792886036	11.041055615851821	-25.93143497955048	44.01503126756682	243.66175019315898	0.17973454886276863	4.9423815961391355	-5.775981782198449	1.6396185166902595	-0.07309188926106994	-0.7214075173163671	-0.07011915786037175	-12.567671120611019	229.86385233485595	2097.0733830528497	1374.1069678972005	-0.0131445650466787	0.0233493875250761	16.848137249380407
-23.636165268231156	-45.3884488804709	1326.3073425375849	5.072339431518915	-23.82607095101518	44.34566183675277	246.9046658023589	0.13716084657027333	5.20929681325656	-3.6552945505969996	2.1562048522694943	-0.024836328793159536	-1.0801710234528081	-0.0657923328437359	-14.581863153061471	230.16264467429966	1855.1947514037452	1250.0532540941697	-0.0212342990670917	-0.0167760994161113	10.514634374756495
-23.63487588185301	-45.38679176054772	1220.2174704068216	1.9222698521913528	-21.041373035322405	43.464914617440385	249.38165683683997	0.10062565793129148	6.494230401195871	-1.6897094116799285	3.08120385647184	0.036266950211198	-1.2632433093228568	-0.058535482060355935	-18.009368264992776	230.26858100429095	1619.1489070456867	1140.5119377749638	-0.0257323166734619	-0.0837449904754417	6.511912343060004
-23.633616730912006	-45.385246728737876	1126.079094080174	0.5636115013555092	-17.588255868558285	41.11156479458806	250.90925124149186	0.07920897530584384	8.558658052651491	-0.1996743788284439	4.252798730084124	0.08208634576934906	-1.2881567554749582	-0.0520063504692397	-22.45390282199022	230.35956353763626	1389.5660085744737	1042.673867056202	-0.0176689344607218	-0.1926351341424592	5.271021897140514
-23.63294830339104	-45.384409141916166	1065.2305737489967	-0.41789222638462914	-16.304679442953773	39.62707443484457	252.06070974978905	0.05890001866500446	9.356190932447536	0.6705633029194605	4.8983860203958915	0.08031481837894144	-1.4056560144294252	-0.045925194762126656	-24.62993729609303	230.5880501297062	1271.6946866928993	981.6884669431324	-0.0144072766475369	-0.3067391693342369	6.465684433171106
-23.63239751224149	-45.38357268662466	1003.3762663276109	-1.20774517453075	-14.772136295261271	37.78406609803858	252.89155235416655	0.05019624593799746	10.656506718938271	1.0571229747940354	5.710486330097259	0.05418799839195511	-1.4396736386031108	-0.04022726883843117	-27.80882506983852	230.92645233398767	1157.669306423532	921.0661093209011	-0.0198302342485114	-0.3949611084681578	7.582318643103861
-23.631823368838933	-45.382708596658844	945.1344474502977	-1.6683338459652828	-12.778713067645482	36.59383802626802	253.47995303682487	0.052658334019794376	12.478818176435041	1.1209423529678417	6.635478964103806	0.030537283812141425	-1.377072978427956	-0.03803828342950958	-31.83889836363853	231.24306353209246	1044.3396307063797	864.0204253085286	-0.0244971501479275	-0.4540082888629073	9.042335374908037
-23.631252902554227	-45.38184343617135	895.9484209287608	-1.503307929943789	-10.156594588322895	36.12868201818838	253.79335305541824	0.06365020527201815	14.862435808442884	0.9661262758169546	7.6413116554101785	0.032569665427526324	-1.1763865644960203	-0.0405791478742201	-36.48809323154426	231.4571505690263	928.7040159864472	818.4117609300143	-0.0254263559302695	-0.5011463658575068	11.570020690230528
