LAT(deg)	LON(deg)	ALT(m)	Phi(deg)	Theta(deg)	Psi(deg)	Vx(m/s)	Vy(m/s)	Vz(m/s)	P(deg/s)	Q(deg/s)	R(deg/s)	Nx(m/s2)	Ny(m/s2)	Nz(m/s2)	Radial(deg)	Distance(m)	DeltaAlt:Anv-Tgt(m)	JX	JY	Throttle
-23.687137275090535	-45.37664915071073	223.5316500128606	-11.784032095351645	3.3802344605023644	355.6380546680841	236.4360114091711	0.23406865465136267	10.796495766120895	-20.047859628996328	7.36305981961108	-2.0855699177833866	2.2921840702236285	0.018249541111849784	-29.443156084870132	181.9046183296582	6621.982775428332	203.23898205327805	0.13504159915970437	-0.3476585329012079	54.78315305506608
-23.692168398631235	-45.37464153072746	-105.92140086800714	-35.650784374590785	12.229157425858704	386.47214467285875	233.1288763686788	-0.20519027831208314	23.3945788063945	-15.204028815748535	12.721158683437974	-3.1456932634703914	4.464936197465947	0.1485316981045457	-49.48381954013947	171.98492629525194	7088.622938975045	-151.45282620158787	0.09591622445200176	-0.5651417346304345	63.969777507265405
-23.68940780358415	-45.37491083901379	-25.642982284059144	-48.804968010996305	21.977698254322604	371.2726902196463	227.8123134937613	-0.24981331855748107	29.857922677637145	-6.884824477278896	13.359856502837378	-2.9175661390820693	6.490419071443245	0.14754410905544132	-57.84916162516703	172.9998678942732	6839.048361900766	-68.91261331525061	0.0370729914792026	-0.6385561401804875	73.13270743155063
-23.684785419464117	-45.376768345606706	150.52914707507216	-55.796502871590235	28.312610407113834	345.1687095095401	225.03798551675936	-0.2768030590796169	25.759209847882747	6.072366800481343	9.242891563764854	-1.8227807041510542	7.384908070821355	0.13781967961363414	-49.24506690542954	178.0670372280513	6297.770304774309	153.53838412868117	-0.035226649696685514	-0.4743824489692795	80.04932434667336
-23.682288017756026	-45.37816643657529	269.1809530852893	-49.50327868759854	30.508603500779298	335.8906370454649	225.68308749406037	-0.3486925799863779	15.421934352799777	14.153912548349037	4.505687916695522	-0.8087848674456078	7.153005187412258	0.12024295734268459	-31.983370607146558	180.5208542787907	5987.428309178258	294.47807150573317	-0.07241295870704688	-0.2588612153718293	83.3646071208558
-23.68110500806225	-45.3793158853869	398.1523455918216	-34.61740522242762	30.141836100195853	330.8997911277726	227.12811683876865	-0.28201507906006323	6.579523664574092	14.152351318518244	1.408574528445513	-0.2773867514836173	6.514856262816634	0.07682938136015995	-17.40214107602703	182.1344614423874	5766.917769469146	430.4357957518449	-0.06436892818273272	-0.11003325877937215	82.22087837063239
-23.680071626490854	-45.38056812651343	527.1956541016732	-23.385097407931053	29.60802501044447	324.64559685615603	228.15164851270177	-0.1742461761053642	2.186845517225896	11.901488586604973	0.1837232206415571	-0.13339459523753938	5.895236233124523	0.04922724970148512	-10.060700672683515	183.74646925528435	5595.453776021581	574.2183651377499	-0.0470630884974159	-0.044092627524141836	80.73024960951905
-23.678531609714064	-45.381831074128506	677.9681150293239	-15.512766606914955	29.219934602072968	319.6666527231735	228.5636988102309	-0.1805721162989501	0.8047208488062942	10.602048424202394	-0.14014413434776252	-0.10790507856803809	5.423637577690451	0.0535617941032753	-7.132105436058481	185.2217405271481	5463.87076197141	733.3734802053551	-0.03587464591234338	-0.028135907730368837	80.03426009554279
-23.676583897030092	-45.38315359112213	842.6676819679574	-9.610477887996598	28.93281138770575	316.41046246707225	228.52451387763819	-0.23443078376293414	0.4466370933742638	9.637683245590447	-0.10888800990770164	-0.1044179536821432	5.103263449499623	0.07612821058781881	-6.465834524282446	187.10005479517628	5331.506977410589	899.1170291254319	-0.026251209399698276	-0.030864369387182622	80.08680790825682
-23.67442188975607	-45.384544261732266	1007.1281021969992	-5.120298730913628	28.972202712979765	314.9381005926997	228.3532030527071	-0.26397022763045036	0.2780677291011333	8.059416546033118	0.06444702579542216	-0.09280773234853147	4.93144159248722	0.09385063457542878	-6.988638286691739	189.5688604628625	5172.5558042544635	1063.474055100536	-0.015374780364743155	-0.03829995815006573	80.48939865767302
-23.672096404279937	-45.38606023209218	1167.2044860657456	-1.913392063698094	29.35270532544015	313.956708380366	228.31077076438024	-0.24179334962237542	0.11148956124909581	5.38846738132659	0.21829338058408432	-0.06147172297972907	4.881705395924706	0.08937531991346517	-7.903680183234496	192.5061170096762	4975.587813742016	1220.017105331788	-0.0035509852051450203	-0.04325847820173398	80.998150835095
-23.669695692774365	-45.387697119233124	1325.0409744150934	-0.2552495384337554	29.833520005823797	312.8697404356313	228.46543593252957	-0.1724920340896373	-0.07139202549830514	1.731755665370267	0.205710515642072	-0.02003140993361334	4.880456797453813	0.05528086985209928	-8.508339464337134	195.53033692682263	4776.178776932617	1364.475877138224	0.008151484802311735	-0.04182990770986711	81.37890114446795
-23.667535960736146	-45.38911211226853	1482.0551684628626	-0.6853993326840602	30.040004379080074	313.78253325236034	228.6093235730697	-0.07547583329647568	-0.37372228113972206	-2.3323859617072635	-0.05568276222313351	0.004661737421619308	4.792226897309033	-0.0029885532222537863	-8.11056894751285	197.95302754134428	4671.149929402733	1495.404570869132	0.017558884145884055	-0.03419633408773298	80.88754913053538
-23.66562649627174	-45.39020977959436	1643.1213173261228	-2.401058765420295	30.189575047977243	316.03936077961066	228.28763325723654	-0.024732734618479454	-0.4331544724769092	-4.489055874227041	-0.3566270688789679	0.03410835668537566	4.558686485942159	-0.04442785282025583	-6.801840929446062	199.81848808729592	4677.6777566566425	1620.7206065195235	0.017387814528449105	-0.023104649364532548	79.04073459613768
-23.663994721409757	-45.39173888244491	1806.8720969929345	-3.18808965132909	30.629673193708353	316.11646986711173	226.94519486387128	-0.1539343225664565	0.021191434036179402	-0.5419876765399897	-0.3484848515524268	0.16311136932180353	4.345419585820768	0.00340909643090714	-5.245234696973142	202.14193025272417	4715.430867324056	1743.8695226060445	-0.007726138404030948	-0.006028026156403521	76.34218035637315
-23.663652835338976	-45.393776035745546	1934.8734634079774	-0.987052381825599	30.885360826237633	324.0555242145038	225.46139440659215	-0.6966699690347116	-0.030615543144010715	13.962721941377993	0.00391461866019327	0.6142936789709367	4.24759825352038	0.20481142168658817	-3.6691656050486614	204.61559454394546	4735.202607510873	1862.9407453074768	-0.08892754472670983	0.027365575634501732	73.5058004771962
-23.661613192045035	-45.395380094792635	2020.5376226832145	25.39906956869668	30.487320877475685	326.326383053714	225.49520748191793	-1.691276062847447	0.09279160510434714	40.1912547217235	1.5042754832412446	1.9055894183259883	3.904072275437274	0.5040874643633032	-6.188604301815193	208.86403401189935	4517.2219650376555	2072.5346172770182	-0.2159850931743304	-0.016231253615415192	73.31721130797943
-23.661016392778794	-45.3970407598868	2069.070285514974	71.4969865976765	24.704546891766583	328.2847990015324	224.39939749836958	-1.662412686038043	5.680912980906428	43.13560442521397	5.044832001447512	2.8079048180258104	3.4839002695230947	0.4965956959084054	-15.326575115194137	211.06479353337866	4626.783400652631	2212.3542069027067	-0.20997609704229805	-0.206631377231516	68.45231458050256
-23.65914023422199	-45.39795004652146	2250.120623771113	119.77485397704143	16.660846048566047	358.630469726706	219.84179445894551	-0.17469694396160548	17.719665817813606	14.128365527589976	10.749351547874742	2.334678868738442	3.71174249494499	0.06635967548799371	-28.28739646944371	211.43013428613332	4588.347478022862	2192.2919618477154	-0.052434749040082426	-0.47698678056830685	58.92663679094384
-23.65701572337776	-45.398693113918846	2313.3955873099894	134.87103943157777	8.003128659850173	328.9342206417623	216.50710423301823	0.30909694420685924	25.156205744191197	0.7056782533638073	12.792092712314819	2.0367981966903006	4.065195481981325	-0.07050630762464027	-35.93101257738002	215.29961171007704	4325.503295242706	2263.7540703918276	0.012542532977345854	-0.6001256475952949	59.62896919230559
-23.655182362466533	-45.40003566748426	2293.476134319431	137.2792323256546	-1.535702645557861	268.99827216792255	213.71133616525395	0.2866412442145629	29.176090152618634	-3.379028711620791	13.299223031433861	1.8499022573044177	4.547070485836509	-0.06319490875700612	-39.77911821825874	218.1392952865312	4167.761493588381	2332.0590743897806	0.030064894056289457	-0.6552777537563058	60.74419453381492
-23.653417251048847	-45.40052552241743	2294.039623003948	134.3328558787619	-9.97440263541364	208.14161879982396	212.29511764152787	0.21426953411664829	31.392017561301518	-5.014373131749322	13.42534542160497	1.6059379772993259	4.9162950972205595	-0.01835877762820963	-41.589405090493095	220.02237119759877	4079.041010798814	2343.961772905771	0.03970893701384371	-0.6719073154541254	60.97261679745422
-23.651137201278924	-45.40055501538497	2302.3455614073246	123.28531218342673	-16.24021244815098	144.21852615412865	212.98413031884922	0.16785685760874763	31.60905000003807	-6.965362402343288	13.03630615519318	1.250055339253413	5.0786795924899	0.01813955106091556	-42.34409635125413	222.52148773856305	3880.7130886174978	2294.165980271552	0.05045823404506145	-0.6623988097173741	61.05039144210783
-23.648511490805284	-45.400359777353295	2265.211705094995	104.98183969636163	-20.899717426232534	79.13277896673216	215.77633604907766	0.1666906370920041	30.53551294991224	-9.658138761030335	12.024893493493746	0.7879732879649458	5.0683451804098345	0.03860904747148229	-42.370093777595294	225.47002315012105	3613.874805155077	2206.476133572454	0.06428403256486492	-0.6201648615127144	60.42201569453618
-23.64676152288033	-45.399689266465465	2160.4253685211697	85.79236293331364	-24.48847416657079	37.45303192872757	220.0029673435922	0.1638138904225369	27.900342243521585	-12.00387208762173	10.06530277401486	0.3759248054134313	4.854741286369857	0.05418690991307145	-40.16194559833049	227.575044055872	3399.9430901374567	2099.7019074741756	0.07885588661556348	-0.5303700209078688	59.01541167594041
-23.64609374639931	-45.39845812554222	2014.7095465744019	62.69074217390204	-26.331017765190467	34.71700185048809	225.86097808334924	0.2459462339456966	21.536806893607178	-16.07085371047568	6.522601911972338	-0.08597882088426952	4.17905882786271	0.03637680489762321	-32.461240201368064	228.5734479979475	3197.9929785715976	1955.5706774648372	0.09927102439536956	-0.3742492526145656	56.69762136602906
-23.64537363531234	-45.396611738459704	1871.7669705064654	36.16077039942236	-26.518925275601084	43.149020713508975	233.3050975023986	0.3794141637855106	13.694084020907482	-18.670380061417717	2.5087525186444903	-0.4242543709733518	3.1389364945535605	-0.0020265679193293626	-22.50660071678179	228.30102349680345	2966.542544104033	1818.2463891645514	0.10472317766250872	-0.2099067093637502	54.03412368852762
-23.644222681767154	-45.39469719575571	1735.1154048200983	13.713081026867144	-25.839418931737807	37.88363412263439	240.623906704693	0.37939576608556197	7.4000324983871	-15.651466794231274	-0.16532731417739033	-0.408294119003579	2.179625854449425	-0.014781296822283692	-14.548564157185195	228.90035898807932	2680.6677270448035	1702.804004793008	0.07942690265629122	-0.09577087511400881	49.074591864436705
-23.641528355054128	-45.3926650698933	1631.097385547585	4.003700873594996	-24.440793551933606	35.40600912967852	248.332777041431	0.33261012462620276	2.072459333708327	-8.392214655472737	-1.2861678576731759	-0.02434248952450184	1.1206965896570154	-0.0611346070968233	-7.186915949108805	229.75622079904016	2323.1158174091033	1603.1558026710125	0.03161048502993265	-0.015110550329563155	39.70860824657414
-23.638659093448403	-45.39087405530596	1489.8158371692152	1.4297220875633343	-25.091109392149875	36.93199637207522	254.26053791317122	0.21476845069025513	-1.4061297264074373	-1.4511535107896227	-1.2646295352314088	0.25937320672500597	-0.20254733642166922	-0.06572159553068596	-2.9688239224451323	230.14697739247805	1993.9771650522803	1484.3878831137235	-0.006996873167393241	0.019087572210418707	28.826430226213002
-23.637482436848725	-45.389344535862215	1322.9584401504549	-2.8584714103219255	-27.57788423532913	32.346476085712965	257.62805179182016	0.11404022041652119	-2.778041741285387	2.0976671814653813	-0.41651782697274786	0.11554856759845505	-1.47764816523837	-0.015144389849907187	-4.023112387745133	230.8961275590686	1810.838251373485	1318.4762035373883	-0.01749649863829521	-0.0005187779157455608	20.238935371058886
-23.63673942597343	-45.38775853818764	1157.1534046474512	-5.737032725714418	-27.54065572355551	36.00421269355823	259.3691380200577	0.040122183637924455	-1.4979997668879275	3.30419035707492	0.9454576981645748	-0.1565644291707632	-2.354090141908112	0.037365928873746665	-8.841066946285926	231.5545013337906	1646.187163702044	1152.1662460950624	-0.022306241565881596	-0.052493461214830284	14.302203895674396
-23.63542836525566	-45.38582381041948	993.1309600782234	-6.026260507957712	-22.998579851916187	55.16329159789879	260.1068019905601	0.020677811910969485	2.7182893056623474	2.503044096065061	2.827862218673215	-0.2808644839188791	-2.636239691831258	0.07639722109168331	-16.947633664214	231.938562632122	1416.82961646491	1017.8568702431603	-0.027904905426548214	-0.12783970640364348	10.80782202187303
-23.63405577488429	-45.38349124449869	872.8803229219111	-5.226932811857328	-15.36727938100265	63.583964205057725	261.4707090857514	0.09254081350155456	9.476427096852564	1.7750180203764476	5.223453007391393	-0.18332285802798215	-2.1845136173115858	0.055661853953257234	-28.42359807436355	231.24312575848558	1123.4259113399653	933.6734686758662	-0.027138189648015742	-0.2401040324678602	9.90504297197728
-23.63295902130383	-45.381322872303926	807.6834661908829	-0.32163663174049617	-6.756885503380929	53.251464319365255	261.1292011865704	0.10741920290250924	17.799483858979155	1.1928185411112453	8.009858776256749	0.10121878980888076	-0.9419705170644876	0.014668801942262697	-41.649147374101176	231.48866316193892	709.083503601666	864.7631383184953	-0.02675422263500499	-0.3799321479578096	12.39246955287016
-23.63136430267207	-45.38000859820376	790.9569557548115	1.7766586282040464	2.1689863577852044	45.34638981983281	257.84485290759045	0.143867394628234	24.484605003504612	0.34186097317235603	9.666735837303747	0.2566882918369667	0.24949086218201533	0.0028025004329725045	-50.7784343370562	231.38883349185443	423.5715419785902	796.8882304182573	-0.025266811625830225	-0.48306945335165363	17.453032991601518
-23.629895692330784	-45.37915406102283	803.4251428441761	1.6268130457568226	10.84870655977733	40.415414761151	254.63006176596372	0.23950791043367448	28.819356712133494	0.08973331240614157	10.29894518526304	0.2907529265069228	1.0956445465212736	-0.008124944841317934	-55.890481652893186	230.02505867680208	243.60311130924038	756.0356607707781	-0.02306060961828704	-0.544716116124486	22.419819423973102
-23.629706450429108	-45.37820434937404	809.0625095515284	2.0953296885739583	16.88869157051236	43.14208502001472	253.72026115119053	0.2664038711010722	31.240696198693566	-0.42667701504864775	10.60932845832805	0.21996041595076832	1.6573896624523796	-0.006501086030245171	-58.84415942993576	227.0238333978619	155.6823904657299	747.3917011526898	-0.022386182812389955	-0.5667460768835487	26.236809182180345
-23.630275184097055	-45.37717399821782	779.8150949558059	1.3007665685022225	20.725309579866217	53.447835349973275	254.59160641549627	0.21503495105701098	32.99313876292588	-1.3617146086229432	10.775158563259684	0.07166347858069703	2.025755421931175	0.00883661738918158	-60.92534099781511	223.07305321941058	143.3192247552015	754.4896266905232	-0.019316683364577168	-0.5653686981674263	29.770806222720623
