LAT(deg)	LON(deg)	ALT(m)	Phi(deg)	Theta(deg)	Psi(deg)	Vx(m/s)	Vy(m/s)	Vz(m/s)	P(deg/s)	Q(deg/s)	R(deg/s)	Nx(m/s2)	Ny(m/s2)	Nz(m/s2)	Radial(deg)	Distance(m)	DeltaAlt:Anv-Tgt(m)	JX	JY	Throttle
-23.684505676294084	-45.37787604613032	341.6700445555549	-9.583435248842395	3.089061018882476	331.3576731549499	232.54674073448302	-0.02621321689934547	12.291175143807859	-17.667911764309395	7.562676291095231	-2.0164918688588482	2.717905745252399	0.07085842575578521	-30.475231213062695	185.64301850442803	6444.341959921299	332.20381492435763	0.11841338946413987	-0.3700688742165953	50.03258493605082
-23.689918959984222	-45.37532720011842	9.685614354293648	-38.21371588385014	11.079102661060805	363.6128732893319	228.46864297267393	-0.48787185790774396	25.082732349908632	-14.081262997805394	12.491609011514802	-2.910948802434338	4.812328158139696	0.22843093235640347	-49.82072802747969	177.33770153378887	6869.882587337799	3.2608156977316867	0.08390465777090765	-0.5767434374162759	56.39484404955302
-23.686616442664658	-45.375703104129556	89.7109270044241	-49.69780551646568	20.314401937782115	357.84296549937255	223.55011084400405	-0.5667896148923799	31.447146121943156	-4.550830743168478	12.914737473743433	-2.5390383183453564	6.951776053235826	0.22972105865347445	-58.410994700432624	178.66639390278016	6429.924614320078	115.6496097703855	0.021467244987723455	-0.6333966357514582	67.07640771921737
-23.682729492968335	-45.37717856451514	266.0686460495406	-49.12081802862657	25.233405647147436	340.3989893245998	221.12234139923447	-0.5179805653436707	25.69824639620732	8.49182199325384	8.925201853059587	-1.4540258309046972	7.658914205343175	0.17557269982509333	-50.6635428230902	180.93436852055464	5991.0628662823165	340.90525134821314	-0.03961969625876789	-0.46488640789667424	75.8039398392607
-23.680559733581134	-45.37829690937354	384.68101425148564	-41.01644770386231	27.9341659076386	329.68726524632206	221.6108123682068	-0.5507464816321775	14.275815482929808	15.799363205346443	4.328812427901473	-0.6016902656528276	7.124224813922205	0.13458732021169129	-33.65981991175227	182.1408270700069	5797.056297746504	446.2133189272089	-0.06608506611873671	-0.2421762453881721	79.4496929200598
-23.679091001949708	-45.37972910772602	486.2112917784782	-31.266443534177828	29.52383083898054	324.0760366963551	222.82401614727465	-0.42538758011972044	5.417403881429977	13.304168695112823	1.6123898930904241	-0.3947809556004363	6.479919405185192	0.08755105243876882	-19.650029467102144	185.4627923344336	5608.785660181166	528.0263722249234	-0.05450840226207185	-0.09377984498454414	79.44908340356966
-23.67769834851554	-45.38114335717174	603.3047043953003	-23.630786707962972	30.243895171001856	322.2500217906055	223.288323772418	-0.2990879267448903	1.2832656107843743	9.66911214107012	0.6552065727581438	-0.4270872287980861	5.9254996045530115	0.05131336543312455	-12.287794905610959	187.91585472466068	5480.9862368426	630.7901012037283	-0.03736942020918057	-0.02669523918212488	78.5485517329113
-23.676153402758242	-45.38243896960171	742.3997342878807	-17.666611885277543	30.29138882043327	320.7300022747712	223.2099981243311	-0.26367446039627623	-0.10711479075502872	7.9014672967591055	0.41101566939285306	-0.4433682132249405	5.457019738722799	0.04911140074909392	-9.122560816511747	189.3013094798689	5408.261769190866	756.9036525327529	-0.02554205869731169	-0.006106380235033099	77.98273655358021
-23.674489609389436	-45.383703799373365	886.4044113303105	-12.905005375302014	29.930860074836076	319.10222699666326	223.14293483133343	-0.26543475716886095	-0.4271808832136301	6.804267825143225	0.3907839116281231	-0.41055458983678955	5.117288708446164	0.06791789043771654	-8.109633110003188	190.6660123949548	5331.089062336091	892.1527361610633	-0.015261863810412526	-0.00771725477203139	78.03719804376605
-23.672780921937647	-45.38498310270356	1021.4040688203012	-9.060950106541089	29.49340486925378	317.6427937936587	223.2206466420529	-0.26399542763788	-0.3238275858707418	5.349091536124654	0.46520974732826836	-0.34878146808885174	4.908938528659295	0.08772806577161749	-8.223818089928933	192.4403265005937	5218.565583771115	1028.2670317058364	-0.005158280221955208	-0.01884718335113461	78.52051056924489
-23.67106024453688	-45.38633211950945	1145.4405155829356	-5.939390408880751	29.209498952147516	315.9101161514501	223.43608066917773	-0.24290471594427215	0.037782611901926444	3.153585513914734	0.5627698484118033	-0.27258741442330453	4.80896955592155	0.09319639318981998	-8.792368476473456	194.64853597769175	5062.125833893283	1160.6499446195471	0.0038577657626318322	-0.030937724268962186	79.27148255677567
-23.669392813509354	-45.38775889732617	1265.455915812373	-3.820291835533812	29.113982167821938	313.9423488013597	223.7924143013862	-0.19396825627154368	0.5763948668775676	0.1857145233316031	0.5664241578535316	-0.19682834961430523	4.7735869818298236	0.07431826313195944	-9.189737421232026	197.0518159294577	4885.864200229427	1287.4577473660427	0.011711303884622779	-0.037514251045134756	80.09136395889259
-23.668013539632803	-45.389057195651226	1389.8448479858812	-3.4684305650483616	28.99683425704919	313.89684593845925	224.25774620261137	-0.10595669775855067	1.0261645289336911	-3.5914919377849794	0.3117712850180796	-0.14686687385557323	4.712333549556045	0.0236600335539744	-8.709754044774765	199.09089142212628	4762.614545239044	1407.2143419784181	0.019345542086379463	-0.03535539787741432	80.46650944065232
-23.666947126363638	-45.39010451666698	1520.3010229766826	-4.2850732242444565	28.862219308892257	315.9801380375893	224.55182216012773	-0.01184107289260218	1.3354352758635226	-7.00485282055668	-0.1266924075309266	-0.1108712618348686	4.57804011971295	-0.04155550316688065	-7.432591919027029	200.59143124347676	4727.685207452407	1522.5947397948203	0.023625591390038878	-0.029687108520967148	80.03192077806389
-23.665636774565847	-45.39127860794567	1652.8816149045224	-4.16494284775742	29.283176704717096	315.8605646616434	224.14963903817983	-0.020919720526001634	1.9987125285480847	-6.8821271801176485	-0.3559661521892483	-0.014620324410089994	4.4760724702081784	-0.06899176873237023	-6.523553815860932	202.36182310040041	4697.607120582554	1647.6665890156992	0.01625630856646513	-0.02980780579691658	79.19173123992917
-23.664326228285585	-45.39277275631655	1786.7393358568245	-2.8302025935132917	30.35707044508233	316.9248905972768	223.00448641411032	-0.21272854220603388	2.644599892872929	-1.1759287764076407	-0.35919511920690006	0.20776380577065545	4.471074093065683	-0.02230163371476121	-5.914384123875287	204.5345893507539	4661.058439503911	1770.8585027126583	-0.012109385183472827	-0.030272114536358613	77.85024333217648
-23.66409645717771	-45.394298625667226	1940.1718089561896	5.266038256815538	32.69666179111174	318.7161007789988	221.77484739962952	-0.9733507514721287	2.290904262460163	16.880723993426933	0.03577167560196237	0.9611479777556765	4.560494987629202	0.22138687929044404	-5.366056673764675	206.6097909055341	4681.050573487446	1882.1265590695139	-0.09924283436461803	-0.035104188235699885	75.35154580389613
-23.662915998236574	-45.39571600385364	2036.464257571801	35.44611068742772	33.59548280851229	326.62479463314594	222.21937489590846	-1.9653038001222722	2.5849118272158176	43.26180314633759	1.6947107385543991	2.2535265798477533	4.156477069137296	0.5309590513109975	-7.697934444372173	209.8828616988196	4472.172831316319	2051.913043306334	-0.220946365721377	-0.0783026481526268	74.54637792554392
-23.662232628652813	-45.39802308321903	2108.974547863957	84.00809594134135	28.460610568282505	365.37896683344843	221.3577771609174	-1.4991811266738388	9.10234282670452	41.39107986245553	5.602350038232146	2.682292866815903	3.523595643807038	0.3985378991202279	-14.732804256957333	212.32278182517118	4213.65013155112	2145.6212755379347	-0.20003347584447392	-0.23663407327025926	69.4605229575919
-23.660422114465465	-45.398382411220034	2288.2782631874247	127.84104763589546	18.67037350748782	375.6900872756028	215.7181692362988	-0.024953712781612417	20.10268234587211	12.01796102533446	11.136252105328545	2.239656945318229	3.8805484249085453	0.03550153290251409	-28.613570760870868	213.367726144428	4359.153402024006	2203.715646984534	-0.04269701247438098	-0.5042486174627979	60.43619120933196
-23.65776939661083	-45.3989355697705	2346.352075776568	139.69312402635393	8.014132310070767	327.5882247460661	211.99915855581645	0.3795792589350496	26.7527339619171	-1.1494951952075287	13.459888316007493	1.9898768598811152	4.158494691917929	-0.04379346703576568	-36.434597915508185	216.57070296051003	4282.445830093341	2309.8601480793313	0.01542426090366267	-0.6156042941942987	59.642122319804365
-23.655772864709224	-45.400168412905124	2333.562946523336	139.7263559431924	-3.3810275385786275	256.76133942934547	208.65606916197825	0.35264400949526165	30.353078545387508	-5.601667486480245	14.221787840932674	1.7826549627574015	4.580396574839367	-0.03589825442516536	-40.05378536336744	219.20726568818225	4169.167170295122	2381.1774646701533	0.026766414040214407	-0.6653502355536995	59.280175083384165
-23.65407220632515	-45.40103621189664	2344.995271180019	133.62421528102192	-13.112465537879189	180.0449645296159	206.99540603290012	0.28176795978067065	31.440968470916946	-7.91428507156789	13.996611561626295	1.5158933265756218	4.943469093880331	-0.030771235705930607	-40.811569311022964	222.33324627954858	4004.5202353830578	2393.643011906226	0.03237545606284991	-0.688009728508098	58.650799933075895
-23.65191501981155	-45.401241255187166	2351.1520490214666	121.93069116849162	-19.884116445584194	106.99618687478079	207.91149275847692	0.25991149224170107	30.767681032221137	-10.08610346875887	13.059917385756389	1.2260837846769044	5.073650166354754	-0.02878618574473614	-41.312940764893206	225.14649092073904	3769.9512338667323	2354.095769716101	0.043814799984883294	-0.6753653598992337	58.32399183308016
-23.64972478957573	-45.40092078532374	2277.6574134336006	105.48395527517911	-24.18082217260964	49.1356352567488	210.07372344090277	0.22428831632117258	29.81639132618326	-12.2297727954728	11.865237397440833	0.8756905052073961	4.826050383003362	-0.03344214296932242	-42.04790145149221	227.07336825471634	3535.256394685423	2274.355241239293	0.06209074129056909	-0.6189659874521174	57.04544075933427
-23.648447270810816	-45.400285253977586	2143.992041791622	86.62155931611463	-26.898398831568898	20.25251206296923	212.99185842726524	0.1518831514583514	26.788235925969406	-14.050270308007889	9.978713599148247	0.4848029140052865	4.34846723850561	-0.048485703133074286	-40.08897122416292	228.87638593913871	3295.7456741952324	2145.439205656339	0.07882079955065847	-0.5213064770187498	53.882705661129116
-23.647812581444615	-45.39924586044995	1984.773530247231	63.76005250201234	-27.96570092663938	26.302137044920215	217.57310148815242	0.12019149139434483	20.48317782211097	-16.61897375807301	6.7057801711577785	0.06017956597606153	3.625980102419459	-0.06326458459865983	-33.56828650627524	229.84043032048592	3069.027936479559	1975.735316829337	0.09415528421559663	-0.3771888970103145	49.96807238273779
-23.646215595941886	-45.39760999120234	1862.6258785161554	39.90840639782202	-27.30865733045856	47.07472423650373	224.6546706110444	0.179175243654643	13.0449241954108	-18.89776607722452	2.6632745135144744	-0.32901596340526956	2.6595354264293847	-0.07222723378839835	-24.490276658683644	228.40123579300734	2903.794220548613	1845.5843898745934	0.0996843676979897	-0.23801130201047627	48.168663929768584
-23.644261871030945	-45.395913702472974	1744.5597199589974	17.576875461994653	-27.38411648750875	51.10454733294989	231.40108999341948	0.14348583601429943	7.338016454688434	-16.903602106880125	-0.2977767637917772	-0.436746582885491	1.8132782794929068	-0.03182968647324861	-16.84010372279757	227.9800743247188	2718.1076601452464	1714.263367947046	0.07924155994366928	-0.13226976968828896	45.040225200773875
-23.641811421155865	-45.394356206125046	1637.9437650649097	3.185583464675748	-27.95381592243877	47.95018719807862	237.3731415721266	0.0574567870195206	2.9412395355238807	-11.52393816621528	-1.8703578636568405	-0.2940597878498397	0.9752537116767805	0.007974327386149355	-10.64714604165781	228.04231130956444	2512.3845661627643	1605.9776658479723	0.0402219613996518	-0.047080714137367585	39.260242468236555
-23.63881807973276	-45.39273770760374	1554.6164759197761	-1.3560634567839145	-27.87674437745399	46.90023767565913	242.78155753611625	-0.01155712497027006	-0.34898218373320766	-4.524215639667085	-2.354271030150878	0.06272039751426263	0.05335192437305514	0.0003548601632728174	-5.261360434359773	228.02038246383609	2250.5679131840884	1512.5233995023984	-0.0028492784945131993	0.016314367741797092	31.427366484193865
-23.636943412992448	-45.39122216003985	1451.342055322295	-2.3060408409498017	-27.426203103189188	44.24297485436048	246.30045931561372	-0.07266887382337613	-1.7991255798582984	0.4814608542676352	-1.861598718045121	0.3125953467027713	-0.7487644834428613	-0.01070551516087781	-2.5103985640431468	228.66057818797242	1995.729344896568	1418.4107497460147	-0.02528326757456223	0.03405715059418321	23.833720614850243
-23.636344998789767	-45.38989634814443	1317.6773736419723	-4.562259441440556	-28.197322397881493	36.0520555113026	248.67060087600498	-0.11665395869336792	-1.914283371916948	2.745202438162083	-0.8146397900709816	0.25045823986794563	-1.4489078286072603	0.007982659847110125	-3.5837902199010685	229.6593793197912	1825.875949366121	1308.6890274527427	-0.027666651573771624	0.013343345053819483	17.694146137691902
-23.635970764323876	-45.38842046374104	1168.1726522605975	-8.848622848323213	-28.999241592712103	26.6476254856548	251.30374157668246	-0.10713922505243617	-0.6256181938031595	3.9596470261359094	0.4125149105525914	-0.0012272423043692693	-2.1053411372892787	0.022188859146872304	-8.393821586988793	230.16144966275857	1684.369780946764	1175.6296221346165	-0.021723900050863054	-0.03903484008702132	13.222671873878753
-23.635152925794532	-45.38638311893537	1026.548902899804	-12.430035868311624	-25.24624564129251	22.428754238867583	254.34844774740895	0.006840236073358513	3.6466850355552207	4.783898729422765	2.279261194976929	-0.1625853846673705	-2.2970368008342135	-0.017670441172751135	-17.185029683728022	229.8800433775524	1470.8934205227588	1066.1550261074779	-0.012401086282160289	-0.13249972441139596	9.738655185529787
-23.633188349598118	-45.383906849232005	903.5889763103262	-10.306803324586884	-18.74821756437623	27.818511954828523	255.91104879643305	-0.00018331585327945044	10.484687299933217	4.575698861642666	5.083479904668044	-0.10927636057484104	-1.7043732205836326	-0.03372749171967875	-28.537661127698332	229.87719155519542	1111.8352364952234	965.7325670142632	-0.007884099371039725	-0.24671373724712753	7.189309901527025
-23.63127349190472	-45.381767509866364	803.941274160545	-4.374886149692053	-12.557946181936334	33.29328241871664	254.9597756644711	-0.16330189881529916	17.615832257923195	3.1409272667455226	8.139462794116222	0.04643735306252144	-0.5762595485921471	-0.000547553861289754	-40.020199970949804	230.5003597550359	727.3531609668612	876.4296899581802	-0.011393328516613704	-0.3504298043470475	7.382965889388068
-23.630283749690676	-45.38011906249966	753.6229905633905	-2.483045841375457	-6.874746873378911	38.2506703489822	253.24078966226645	-0.24160557204539979	22.503941676690086	1.6765016227479648	10.241289837909132	0.07337007107510204	0.2867143147064102	0.03133547023484985	-48.0635883451597	229.53851448090083	539.4077064535463	831.2778792379679	-0.015448862878453304	-0.4087661406096954	8.947359766288322
-23.629668354867825	-45.37885557354527	736.0491272183547	-3.25313879296392	-1.254361891074808	40.726005889716646	251.40853922134136	-0.2366050771993628	25.48627405149843	0.8059888229397473	11.381371491216136	0.034625237450783955	0.8450634470663765	0.05352601419370932	-53.21660765146944	227.99205886324037	426.6213491641465	812.7603083388085	-0.019458714880980117	-0.4386063299435831	10.99495720482561
