Time(milli)	LAT(deg)	LON(deg)	ALT(m)	Phi(deg)	Theta(deg)	Psi(deg)	Vx(m/s)	Vy(m/s)	Vz(m/s)	P(deg/s)	Q(deg/s)	R(deg/s)	Nx(m/s2)	Ny(m/s2)	Nz(m/s2)	Radial(deg)	Distance(m)	DeltaAlt:Anv-Tgt(m)	JX	JY	Throttle
43201	-23.6878855458575	-45.3756782627213	152.410496943911	2.72816887458562e-06	0.323229918254148	1.31794080735561e-05	232.891774611616	-5.21088158547514e-05	1.27690004763726	5.94611606795963e-05	2.40379392993201	0.0003231508266322	2.37217364562566	3.43956763115652e-05	-10.7239849537763	180.53849986644	6818.26478759738	146.009696953641	3.0517578125e-05	-0.22833251953125	68.1121826171875
43202	-23.6857520993654	-45.3756900320634	160.294462928542	-18.9626224815935	12.301035012448	356.915876892034	233.455499179396	-1.89070984226087	27.4307727388712	-19.0706046566233	14.5482101852406	-3.03552226125449	7.44171780709723	0.842140374988409	-55.0002359043352	180.568289926225	6582.00140986341	153.893662938271	0.1181640625	-0.52752685546875	80.7098388671875
43203	-23.6835413734238	-45.3758645340202	209.885961020996	-30.3361099717693	23.0946649334977	349.30464358274	231.971379287724	-1.62217940328897	28.3584128282138	-12.8911725104584	10.5732275467481	-1.9269388655518	7.52714499796711	0.744271713722231	-54.2219079461029	180.751170894352	6337.39787265665	203.485161030726	0.09454345703125	-0.52752685546875	80.7098388671875
43204	-23.6815739657791	-45.3762919384129	295.844110528832	-49.5228752742232	29.1953923819083	338.66251701844	229.919965885215	-0.24830352712858	26.0429645021033	-5.16073708408412	10.8788669644807	-2.11977033118791	7.11238855801356	0.0244297526053246	-49.8258683879236	181.186029513773	6120.30489208007	289.443310538561	3.0517578125e-05	-0.52752685546875	80.7098388671875
43205	-23.6797264678961	-45.3770865879296	413.146306138236	-56.5784854875757	34.3865928028257	326.754522677043	227.413093444122	-0.272086812381725	23.5862515427193	0.508951393160012	7.82175377551664	-1.60701510060983	9.16109739920451	0.0784255109558405	-44.366168220295	182.011682953179	5918.07464919673	406.745506147965	3.0517578125e-05	-0.3779296875	90.5517578125
43206	-23.678125226596	-45.3781865417185	546.741408261349	-63.7835402334061	33.4521551243843	323.01093353009	229.440778348014	0.0646706005772164	4.66425922633899	-0.977465081772123	-0.0083044222401584	-1.43469871603704	7.34613180983721	-0.0668802769062728	-14.7536067981126	183.192003539939	5746.05528980098	540.340608271078	3.0517578125e-05	-0.0472412109375	90.5517578125
43207	-23.6767171574084	-45.3793555023827	672.395057168884	-64.9987675482785	32.720218459365	319.9004163279	231.251126639918	-0.102895195522613	3.74701583469216	0.47472092101336	2.92187522227122	-2.04960057780108	7.89176587674372	-0.0130826584807749	-14.5425457869472	184.499509304589	5598.49786411428	665.994257178613	3.0517578125e-05	-0.02362060546875	93.3074951171875
43208	-23.6753567669035	-45.3806303911327	796.464731111784	-65.681314385249	31.462468705884	318.070063334909	233.257306775334	-0.396302722211796	-0.489325699573906	0.71811264530268	0.290336226393783	-1.92424194551166	3.45140873179568	0.12254044983455	-7.57978099391096	185.984208457651	5460.38007207453	790.063931121513	3.0517578125e-05	3.0517578125e-05	75.592041015625
43209	-23.6739034261743	-45.382105400721	927.12118164798	-66.0362238458886	29.8109563931121	316.403748238779	231.218372863546	-0.324141665378046	-1.30737655342541	0.451272804890111	0.752718148140592	-1.8415865068476	2.83839934365826	0.0917215047140849	-6.26216208464674	187.77750117609	5318.63840784089	920.720381657709	3.0517578125e-05	3.0517578125e-05	68.1121826171875
43210	-23.6725816918236	-45.3835290180246	1042.72427164561	-31.8067616087214	29.6381845752501	315.297102524197	229.184079220197	-3.73007315850341	0.873012078181286	52.6516268668724	-0.117142230038031	-2.14612640019205	2.88646025312419	1.05837107989541	-8.92688423765355	189.583101467844	5195.87692594092	1036.32347165534	-0.251953125	3.0517578125e-05	68.1121826171875
43211	-23.6711961580645	-45.3850687380658	1164.13872606875	16.0575749353488	29.0335500410358	314.505594556401	226.980558461142	0.275703477456657	0.500360317318153	8.33881285658569	-0.349246241533858	-2.02333633948422	2.57058154454993	-0.215054198104749	-8.08591680215889	191.6211212669	5073.97249141123	1157.73792607848	3.0517578125e-05	3.0517578125e-05	64.1754150390625
43212	-23.6699033349264	-45.386482908016	1275.85059087697	11.4233729927535	28.8101415763151	315.21347269233	224.763032614273	-0.453081938858416	0.583370355710864	-9.98378163351699	0.0090005175901841	0.508145143780831	2.5946231246214	0.298236055767587	-8.07085811668457	193.584963783625	4965.74481179945	1269.4497908867	0.04730224609375	3.0517578125e-05	64.1754150390625
43213	-23.6686067551049	-45.3878772443196	1386.14318725534	8.35824869149571	28.7955933731447	315.358857957727	224.141175046773	0.493331512635944	0.861958637308883	-6.89332377674862	-0.0352612253719841	0.111128608628732	4.75749438444465	-0.125933146267401	-8.29043590372144	195.612210292572	4862.66047648522	1379.74238726507	0.04730224609375	3.0517578125e-05	81.890869140625
43214	-23.6673263668766	-45.3892415399672	1494.14376620312	-0.256135477263285	28.7134498154745	315.650097414579	224.253291420629	-0.357343379422691	0.895654076957321	-1.40254368029443	-0.129490934499419	0.790039134225392	5.26208548945326	0.172445703666147	-8.22415881290607	197.6829005686	4766.69833683197	1487.74296621285	3.0517578125e-05	3.0517578125e-05	84.2529296875
43215	-23.6659020141787	-45.3907574677898	1613.75434680018	-0.0753873374327441	28.5920042364764	315.435547055049	225.576578050265	0.436217893281726	0.873328664316393	-0.91468120798438	-0.0957748407664942	0.199616218562374	6.97457112102664	-0.167398657779837	-8.19868055953638	200.080868925288	4667.51155850088	1607.35354680991	3.0517578125e-05	3.0517578125e-05	92.12646484375
43216	-23.664545969184	-45.3922012453249	1727.15287626265	-0.0208914655825083	28.4946501088389	315.559144734893	227.82290037877	0.0252890129896308	0.867796602621388	0.334191696651425	-0.0882971579440547	-0.291085415249091	5.6157755717949	-0.0191078071648611	-8.25343696305722	202.457092946891	4581.01441235682	1720.75207627237	3.0517578125e-05	3.0517578125e-05	85.4339599609375
43217	-23.6631005595385	-45.393740285492	1847.5239595235	-0.152374678934223	28.3938961646104	315.598362816393	226.40932429821	-0.157226332298081	0.925481525758326	0.249005997835784	-0.102313354349588	-0.0183037260693125	2.9951507857006	0.0608671871656625	-8.12895764088414	205.0858487625	4497.8336617022	1841.12315953323	3.0517578125e-05	3.0517578125e-05	70.4742431640625
43218	-23.6617478498759	-45.3951807783336	1959.55775679331	5.76384894814209	28.2494777262479	316.041309203169	224.667415448639	-1.54931034673001	1.08768177086761	39.1750774120394	-0.0139717330035058	3.2462520362527	3.00560896308934	0.180294729176656	-8.15004159126416	207.630728782485	4428.87507585111	1953.15695680304	-0.40155029296875	3.0517578125e-05	70.4742431640625
43219	-23.6604380903101	-45.396532954982	2065.45772450881	81.8900654175154	27.1439046363278	318.862600785825	222.998634994538	-1.44331321970097	3.25664068186457	52.6555107111773	1.06002785845971	0.0321044813565175	3.04450973565881	0.261163628328409	-10.3422141869732	210.117292826301	4368.49959518029	2059.05692451854	-0.1259765625	-0.19683837890625	70.4742431640625
43220	-23.6590439992048	-45.3978031234493	2164.75223403123	99.9397640737937	23.9402330099856	328.528848876104	220.356225639219	-0.280912488641247	18.8509137778655	-1.04554103689108	14.3157026349231	3.76917247912113	4.08618881678615	0.197277864320268	-31.8885446643797	212.642035344129	4304.19207220145	2158.35143404096	3.0517578125e-05	-0.52752685546875	70.4742431640625
43221	-23.6574653933574	-45.3988501397489	2250.68487343543	105.503105600107	18.8983730857779	341.677697938001	216.052386071848	0.909922006845699	27.3934506044282	-2.81146701032209	10.8616390103421	2.50383721510698	5.20395961632751	-0.285395147137818	-39.8225993190369	215.145858636021	4218.65547701903	2244.28407344516	3.0517578125e-05	-0.57476806640625	70.4742431640625
43223	-23.6557048214973	-45.3995586049693	2318.18820896274	109.425782418527	13.0574587795575	352.731532210006	212.898356294778	0.88774321536791	28.7661612472999	7.44262477765965	12.3941666145762	2.61297515103059	5.38566773781455	-0.271342470438538	-40.7752068266273	217.539201107118	4104.4319501527	2311.78740897247	-0.07086181640625	-0.65350341796875	70.4742431640625
43224	-23.6538229093749	-45.3998985713925	2363.4647335971	114.144472767331	5.24731070225186	3.52961897655981	210.27601358457	-0.198961383473588	30.6529522693044	2.21116198640938	14.0246518314806	2.14932928091982	5.61649022362213	0.132763029142452	-42.3874166408924	219.774042821743	3963.32336370482	2357.06393360683	3.0517578125e-05	-0.77947998046875	70.4742431640625
43225	-23.651871701163	-45.3998402733803	2381.5951908405	114.027473915712	-2.91447504981136	15.7440743102173	207.695703211974	0.0476546193631294	33.6161505807183	-0.47463768517666	13.4348189236626	2.52896234422653	5.78000403584546	0.0398884791088802	-44.9886879327238	221.793170015826	3795.78079816393	2375.19439085023	3.0517578125e-05	-0.77947998046875	69.293212890625
43226	-23.6500063546354	-45.3993721915785	2370.22304982412	112.35159892092	-10.3720582054037	27.1169986315199	207.334080358693	0.310218845323107	32.8944799365909	-0.929533344072834	13.1005313972703	2.45831828896121	6.20046867261887	-0.0561382570302838	-44.0310845628318	223.413706401552	3611.35118884193	2363.82224983384	3.0517578125e-05	-0.77947998046875	74.4110107421875
43227	-23.6481251409701	-45.3984191060163	2325.28747574072	108.56026557501	-17.9879965267011	40.3126249648599	208.571745305232	0.310416362104928	32.7904131994646	-0.634362327886498	12.1826785361157	2.3460985905017	6.23377800101086	-0.0577461068698578	-44.3763111400189	224.63950862935	3393.9103628741	2318.88667575045	3.0517578125e-05	-0.6771240234375	74.4110107421875
43228	-23.6466614432755	-45.3972133659368	2257.92005872957	105.004362558756	-22.9207090164574	49.0824749697781	213.088088472164	0.27985429068785	23.5647298639429	-0.47367510375685	4.81843227608765	2.25254100724388	5.10661512262296	-0.0485335631537539	-33.9477639858138	225.113519759174	3192.18450397559	2251.5192587393	3.0517578125e-05	-0.1732177734375	74.4110107421875
43229	-23.6452906225816	-45.39568208992	2163.39926824285	105.482057107549	-24.8133820565894	46.5428505952621	221.68973844011	0.312527100567377	-3.12853219466542	-0.50133576355119	-1.69622144166823	2.21101491318087	3.24047356396744	-0.0649344635519245	-1.99887753355062	225.062364073911	2974.29021105101	2156.99846825258	3.0517578125e-05	3.0517578125e-05	74.4110107421875
43230	-23.6439236764877	-45.3940697540428	2052.78442259448	89.607549456643	-26.6098207826785	46.0993290031521	229.702974579357	3.32752864308264	-4.50026745370715	-30.2649093482629	0.755457479533002	2.70557539029718	2.07952948308576	-0.990973770205451	-1.2136276563599	224.874922347	2750.857460901	2046.38362260421	0.14178466796875	3.0517578125e-05	53.9398193359375
43231	-23.6425891594006	-45.3924758255587	1934.20393929228	35.8270592100659	-28.4753010083928	47.0599868768701	234.983675952679	4.57787666715099	-0.619092683054543	-65.1676088328128	-0.847428608560761	1.24673275765237	-1.98987217789303	-1.19229968719574	-6.49626313065329	224.627351507446	2531.33624824527	1927.80313930201	0.34649658203125	0.04730224609375	3.9398193359375
43232	-23.6412368108598	-45.3908329593195	1808.01821144625	-37.0979057965356	-30.1024756399246	47.1972390558062	237.547755762665	3.05147675233643	-0.176327079441049	-63.8777066833043	-0.519521644177869	-1.27023102439036	-2.71844607696253	-0.645752761459311	-7.31582604461453	224.278263754174	2306.9710934613	1801.61741145598	0.34649658203125	3.0517578125e-05	0.00152587890625
43233	-23.6399531667262	-45.3893408780883	1686.91544208096	-55.1576895617047	-29.5895069122867	47.1481954102889	239.606132855042	-5.99082919405362	-0.368319426811742	59.2704354936689	0.623195028989267	1.99201498619002	-2.88171279605463	1.8123306485699	-7.62734909221767	224.012805511522	2098.8712681	1680.51464209069	-0.50390625	3.0517578125e-05	0.00152587890625
43234	-23.638506957098	-45.3877386387429	1551.74450140325	-9.03907297374934	-30.8265376124801	43.9713842645524	241.879328512096	4.4256053260066	-0.584640681512772	-8.2098716583121	-0.677781454079356	2.26313638384073	-2.98508630375535	-1.82957151250967	-7.12746775685768	223.82092446064	1870.04717913484	1545.34370141297	3.0517578125e-05	3.0517578125e-05	0.00152587890625
43235	-23.6370512238197	-45.386154003203	1416.66241388701	4.72804774090476	-30.3383652856531	44.5625604296943	244.032408835267	2.40409121581052	0.607900468069331	3.26774587040131	-0.0747858478044084	-4.14344949657276	-3.03747112790498	-1.20700395395199	-9.31784076419181	223.646208343566	1641.72910480639	1410.26161389674	3.0517578125e-05	3.0517578125e-05	0.00152587890625
43236	-23.6356901654587	-45.3846691836983	1291.09304458148	1.89811125457646	-30.2858398181266	45.8942488148929	245.883234417337	-2.41311461757037	0.339749045237591	5.24474728495637	0.205698571447659	-1.26435011699165	-3.14637011700543	1.03536696233875	-9.28190469173295	223.422556208627	1428.05396448893	1284.69224459121	3.0517578125e-05	3.0517578125e-05	0.00152587890625
43237	-23.6342533257119	-45.3830960340997	1159.41832355466	-3.48399791394195	-29.9456191107959	45.4364718786526	247.714021368138	-1.07127849405609	0.462400105256208	-1.68918701826566	0.170053591095915	2.06596824169991	-3.22868583513555	0.567641754437112	-9.70724286602858	223.07995553131	1202.12314553308	1153.01752356439	3.0517578125e-05	3.0517578125e-05	0.00152587890625
43238	-23.6328643278916	-45.3815800984182	1033.82039431285	-2.17300642531501	-29.7213007694422	44.7898682909686	249.319105214651	1.09233208463806	0.32164753809813	-2.54534788474642	0.297083667595675	0.663473789546886	-3.32504663861746	-0.483662622064846	-9.78523036627366	222.620130133241	984.11187719513	1027.41959432258	3.0517578125e-05	3.0517578125e-05	0.00152587890625
43239	-23.6314592114739	-45.3800533230547	908.667935835781	-2.04190278686747	-27.9009699675441	44.8184828590172	250.669104929446	0.424733760663211	5.71581905695766	0.0641924555744553	8.81274831947418	-0.687340103327198	-3.15615261176455	-0.226173107635913	-20.1509051943441	221.926100214062	764.135986888357	902.26713584551	3.0517578125e-05	-0.32281494140625	0.00152587890625
43240	-23.6298836297515	-45.3783576729422	790.222960563635	-1.93547209083118	-14.1313552788841	44.2321762952457	247.756377214232	0.114927998929581	28.6165258260987	0.463677213473821	11.4447789057189	-0.39156226485909	-0.515123728034695	-0.0661181242169132	-56.0954953358159	220.586480890683	518.815646928928	783.822160573364	3.0517578125e-05	-0.48028564453125	0.00152587890625
