LAT(deg)	LON(deg)	ALT(m)	Phi(deg)	Theta(deg)	Psi(deg)	Vx(m/s)	Vy(m/s)	Vz(m/s)	P(deg/s)	Q(deg/s)	R(deg/s)	Nx(m/s2)	Ny(m/s2)	Nz(m/s2)	Radial(deg)	Distance(m)	DeltaAlt:Anv-Tgt(m)	JX	JY	Throttle
-23.687728876133054	-45.37676704739484	268.41915542165293	-12.033892067677552	4.846642766903318	354.0179810399121	232.98104839943576	0.02822966831613223	11.792303319325697	-18.84416937462485	7.487373050317727	-2.097521534965473	2.6694411785681553	0.024969109263471994	-30.660153403358045	184.00994904340897	6778.691820755357	179.5335794641776	0.12825813581322354	-0.3675839567663258	50.03859071655071
-23.693382521338172	-45.374150365552666	-92.7784512780886	-39.10872881198806	13.863442725349728	390.3222457699246	229.36986286933174	-0.34468597246506566	24.43133611510093	-16.430247161047117	12.524484709031157	-3.05540576659452	4.705376532505467	0.1632139865680699	-49.6798216275175	174.88998796543842	7378.3169492187935	-174.79456900082278	0.0918645715726982	-0.5765682988866295	56.887472983506825
-23.68997354264026	-45.37465409180439	-33.97099946042408	-54.6573554700516	21.549238318720484	377.2835291874934	224.50205607586327	-0.4174476169718914	30.617115335829038	-10.220068307502343	13.557839950245498	-2.962883529464483	6.64214262953547	0.2107953995580928	-57.220753721291224	173.00046103095653	7177.508445436302	-68.52015512583557	0.03783726691970499	-0.624431909320075	67.64280602535817
-23.684516400015788	-45.376094739060015	136.52488535196358	-57.05049390541605	26.6373049414761	357.5748134079405	222.39884845732377	-0.506514005190689	26.14189739384058	3.303162305866712	9.50338544235043	-1.9724839281653719	7.322853799233854	0.18278769811591924	-47.99950908324192	176.89716779775313	6571.705252966669	206.5434384104649	-0.03333619860734518	-0.4458964587421196	76.04956476942614
-23.681577707121814	-45.377101206125424	264.69264251995855	-47.676357395941196	29.1065618927352	350.0535756738511	223.5127645624073	-0.5970148088179813	16.45516521916557	12.10838950012267	4.735908468591157	-1.05251539382217	6.893478709759025	0.11828682486952904	-31.01872059276422	180.3793249815215	6151.960169963661	352.5719629790068	-0.06169324164719538	-0.23056703182981325	78.75331522239709
-23.679879912779693	-45.37842307852428	380.24854058305914	-35.66024679589138	30.069580778911796	342.0228506494616	224.70058200472172	-0.4967907239378396	8.295714178352078	12.16690870102173	1.7686276175077857	-0.7573029986066606	6.283023852450066	0.06870292729537766	-17.93384868051363	184.10039709175638	5846.576646685379	459.8821592911213	-0.04633187867645815	-0.09034394698148149	77.32844273469746
-23.67813458943077	-45.37994172274951	506.8941423437591	-26.503402312933165	30.412967058722028	332.6135555378433	224.96751802737813	-0.40531600417326685	3.9039782224249127	10.514053590609313	0.5533719620829007	-0.7375246128479245	5.760959144856507	0.045960600566936516	-11.319591851429811	186.85430158529576	5612.51315629882	584.7173016668147	-0.030675300135964943	-0.027044982993753547	75.36195185078921
-23.676320482022902	-45.38153631387234	653.2138507299675	-19.600829560638868	30.040073182275798	322.84497635243576	224.90254906424605	-0.4032730606314714	2.0025083961850925	9.681153350454748	0.12720975410305524	-0.7338153683437799	5.347885389332214	0.051061225701452356	-8.533425496685675	188.6464111154009	5443.261069976602	726.3720293060123	-0.024904565542813235	-0.009370322530443953	74.42516586688782
-23.674640394996207	-45.383137796044075	809.1425451036095	-14.121156733538964	29.25277765797997	314.61461446118113	224.94321110802935	-0.4229150260766246	1.1494026885346234	8.998560477749903	-0.036501636599926	-0.7072115281740401	5.021920195497738	0.06893059769486215	-7.619807144016448	190.13244358137686	5305.674692426858	876.0032736559632	-0.021256748255442538	-0.01283693226615537	74.50050414814092
-23.673156796957294	-45.3847926983808	966.1780579666006	-9.685706806566586	28.448573000473985	308.6007958386046	225.09868310817606	-0.41114059493950267	0.6561096814872602	7.726659250028432	-0.10329021277442152	-0.664330807841588	4.775668592090377	0.08069835062451858	-7.571022539905826	191.83127177629896	5165.9962556111695	1028.4672605782591	-0.015603587995664709	-0.023764010101073568	75.09230720374427
-23.671832558483615	-45.386590119819104	1123.7802593362808	-6.170877735617196	27.884338932439135	303.46926644874844	225.18721822420676	-0.3469861933161427	0.3020792622446855	5.578385951790936	-0.16588789367989154	-0.6027736651013178	4.605915476348152	0.07357643693113894	-7.747053109882387	193.99014101951678	5005.21921377147	1179.2684799076821	-0.007733486319485313	-0.03329131281798109	75.89884394035923
-23.670580666444053	-45.388437613201184	1287.1993474366154	-3.975821210183277	27.67598191568183	299.2025439671131	225.11429798636152	-0.23423889091096994	0.11279603480160816	2.5138978183038523	-0.3228646960016537	-0.5194098092632363	4.488817162477578	0.041613459023575675	-7.61355076763034	196.47820244595886	4838.3409016316855	1324.2566622925017	0.0017005223162449685	-0.03423432798379328	76.72842652951752
-23.66933736718384	-45.38989986710056	1458.9255338758644	-3.813892355965919	27.879995356778604	299.03035527559365	224.9154906286761	-0.10189605304551431	0.13990197327209408	-1.132516303148499	-0.621127164142603	-0.42414159842322924	4.354063768363426	-0.010034270990403021	-6.782470024177666	198.72028227841798	4721.788185641553	1460.0687946297803	0.011140848929489359	-0.023063422654509225	77.06260160675578
-23.667902860285132	-45.39089969298525	1633.408057133654	-4.8214533783604026	28.72275223971509	300.94012878081094	224.28860661615948	-0.047626481425802655	0.6125034364048307	-2.963609403547173	-0.8273506212807504	-0.2874950173543909	4.20247584534436	-0.046201897303887345	-5.749350808614253	200.6239524776764	4664.655841701643	1592.3647623754068	0.01402199271189976	-0.007225300474008628	76.55206514642413
-23.66634906034732	-45.39202325349751	1792.5022555866567	-5.155826185782715	29.69358178432808	300.2360969714175	223.10390829999358	-0.166153705707961	1.59326651620969	-0.3199037684078815	-0.7133799369790434	-0.034496068049968506	4.143541435776581	-0.025595931673179903	-5.016370046895766	202.6612664338334	4626.887620682353	1710.702725827201	0.0006368154779251727	0.00573268441724803	75.44658610979691
-23.665877057660474	-45.393697459843615	1920.716930147251	-5.294717914517015	30.10765287769387	303.86920513367517	221.775304136247	-0.5528609099212733	2.2479062170852178	8.534372753231043	-0.5019073180791453	0.401779585805957	4.282413928159126	0.09064433760776924	-3.926837521950187	204.5367775352481	4620.87370063558	1780.641719017366	-0.04471305834665234	0.026644158201062224	73.47307386833187
-23.666091289514245	-45.39558478521013	2027.8036988761946	4.58808880235255	30.0653224593851	312.2394087867181	220.90302771186688	-1.2456534623017708	2.536577088470489	25.76535028462137	0.04870244883443764	1.1518833615327995	4.323110986736285	0.28484371576347683	-3.446101052372587	207.69439362768645	4527.6853662342	1856.314113577825	-0.1287364369798531	0.009859288121101456	71.31516416043978
-23.66624366444015	-45.396768018105774	2049.0154800465334	43.14235904072959	29.348309399522005	331.99795382050166	221.74094172849746	-2.002565145978226	3.7755133714976763	47.231757993261695	2.176850736096782	2.2525627723421144	3.575318310426834	0.4678757883293745	-6.950413281943867	211.11874183026424	4303.266342545492	1974.6864951168584	-0.22606016131682988	-0.07816508691930327	70.97046385710645
-23.66442540075364	-45.39735117687876	2137.7725474356002	98.40989448776965	22.584686029892094	367.18462076521433	218.28783707237702	-1.1208422070602844	10.654089052862362	35.52444749356043	7.354269227743221	2.624624798491731	3.5259904441840404	0.2473814724845144	-18.732569699331844	211.93262035436538	4264.835620567652	2052.5901256779625	-0.1484840519967086	-0.29720895875116166	65.28903508872835
-23.660229049310242	-45.39835741036628	2293.5118923322048	134.11967780339606	12.587032761255557	368.73604449515915	214.84213279794247	-0.0018309751286786358	19.433069613141576	10.437880483162047	11.75411759800204	2.2029577519241323	3.982629163219607	0.005328623355910635	-30.078326113139447	214.5247143803591	4342.841932416864	2182.7060945754756	-0.0329142122807413	-0.5273443403343308	60.99877322716927
-23.655961991855783	-45.399242157288086	2392.975884691527	136.66743140204312	2.332188659835321	313.8376652819567	213.9544324092022	0.2351529811958349	24.56455735876022	-1.8915983943804084	13.552255967652489	1.7476704677793904	4.282156905823584	-0.03348593090192238	-35.95895966519964	217.43325874261154	4149.42875567888	2304.311336450594	0.005323305962784214	-0.6472092833361974	61.478029403380646
-23.653535654278365	-45.40047621943864	2408.6359743931725	126.82245601941786	-8.22783799910821	231.02141529085782	213.31910657227965	0.2733754132141054	26.938865391662425	-8.058939710319908	14.058131344850235	1.3143910056754273	4.725124713179576	-0.042349217060955784	-37.996895995521214	221.01606844121596	3952.1414748929024	2317.0299896204842	0.019437629298784016	-0.7048049635895279	61.27276110484646
-23.65141277196344	-45.40141379105219	2339.3085472156613	114.00983709773838	-18.155525896301004	146.66168731575897	212.92836267381503	0.2044720326690061	28.774313266431676	-11.833619353394699	13.715166478560391	1.0219239211733728	5.024333539732398	-0.020451008455393035	-40.126812116500105	223.25679584259913	3805.85371453765	2308.9131607074814	0.03590179831905061	-0.7059701430633558	61.10006703605407
-23.64951149040134	-45.40157070426575	2250.4327664240072	101.1939550420561	-24.5189988539262	82.25198085921811	213.80431692038823	0.0885009690828351	29.614947293055554	-13.801249318604242	13.077308437793139	0.7657084758463397	4.996012568771757	0.0006636400444511685	-42.29338070929708	224.96074778520997	3646.2836120540715	2259.670937309046	0.05539175207044934	-0.6739275575571838	60.7988688440043
-23.648158249990367	-45.401071585413035	2147.986619795789	87.65564581429886	-27.45647650930804	43.186443156804444	215.63471752599247	-0.014460445422788043	28.973841032066865	-14.645577871552037	12.282596471404416	0.47166816375605464	4.6274961603977	-0.016860008656683807	-42.998358512299845	227.2335800335452	3463.831624286174	2154.047207272767	0.07171177589570425	-0.6173963062971634	59.2542399864728
-23.647386232995363	-45.39994359769758	2022.1878509729504	71.1487988553476	-29.036766257371674	31.699419651638266	218.4061641087755	-0.030175790978280673	26.06345955948173	-15.588134146453365	10.856437138014403	0.1595762245454449	3.9966416042431945	-0.06152228580678754	-41.16895098985253	229.45717664129924	3271.6560474641965	1998.5750475275377	0.08194009726649305	-0.520289473739557	55.70314754068817
-23.64682151026701	-45.39868067815195	1878.1547355109656	49.871079820852486	-29.685188513983867	36.42624627584229	223.94120483784857	-0.020196158353022062	20.33956616798373	-16.688253159264764	7.692281399576302	-0.1030336327438731	3.3573762436651293	-0.0748771532741822	-35.30056538579659	230.3512626691908	3069.5999564440817	1826.0256368383912	0.08839961438634718	-0.38955646008959216	52.836754933332024
-23.645024787082725	-45.39719761094659	1755.3113224463314	27.20450105429203	-29.025153474510667	50.922468544518125	231.89208218233335	0.011472655882923288	12.429659646501944	-18.44180000157587	3.1181315211063163	-0.3928435219264795	2.5727708548949844	-0.0630510999678357	-25.240816522718244	229.19601379334395	2889.8343253261132	1703.1976629157377	0.09325199789757578	-0.24631121858075194	51.87442799516583
-23.642102273875732	-45.395410195263175	1635.2280759873997	10.709597232521824	-28.48215865385169	59.486029905024765	239.25113694235822	-0.04290277513399278	6.085820939768345	-15.571189764337545	-0.1754602794648248	-0.37754591918809616	1.6175299053283383	-0.0515289890613042	-16.104978915441276	228.2651744745378	2654.3579135435575	1596.4223568774764	0.06730288827321242	-0.13235478103072384	48.51558947905893
-23.63895809456562	-45.39363632759844	1526.3234682835653	4.63496382239911	-27.516359221134827	61.53034239666462	246.36361693831068	-0.10697599993226695	1.3919866890318424	-8.573881898515712	-1.5814871016557257	-0.00597758076507672	0.6691022690864186	-0.084131662347842	-8.52177641484899	228.2185761738522	2343.8879974343618	1502.9791499172852	0.019224593553335643	-0.054005551622071823	40.85744467688251
-23.637718914987882	-45.39215772468804	1420.948584417837	1.7792444450263147	-26.27619657541438	52.81522266594246	251.8307865019864	-0.09071229398455552	-1.6200398607479052	-2.7404094438516724	-1.3544473135751414	0.3258844488550125	-0.029689015009868314	-0.11521277098286786	-4.210521996893899	230.2540107605404	2111.348168693851	1436.8638842261823	-0.016800014635352974	-0.014208378602015792	32.09023099025916
-23.637379624630743	-45.39064241245638	1302.4772058804917	0.6749405081005477	-25.892603802032966	43.43225625487034	254.57552387646902	-0.07319002195973341	-2.065767346242234	-0.4302605275515129	-0.2309678293474109	0.3535589652544018	-0.5932707197101843	-0.09623100426368056	-4.640348440355101	231.97017099189492	1983.9718352078219	1353.526465643985	-0.03024639247268047	-0.01578939126982984	25.064521690041914
-23.636836280335885	-45.38884529458161	1173.0814194593495	-1.3957632522159038	-26.408879051204437	33.22404332322665	257.13397513516	-0.029501527378913442	-1.04396314148428	0.39316733711607593	1.2402847082649022	0.13388637242891033	-1.2059833698860185	-0.06693335552467153	-9.208178308875771	232.6650041371215	1874.4691850713791	1223.1336821302475	-0.030388362500251166	-0.05406359229750074	18.97121598421316
-23.635559241503525	-45.386389825527914	1050.131992286374	-5.811502581926902	-23.699783133979068	23.03020680479679	260.7926456024217	0.09312859580741327	2.385758706223509	1.6165927064358612	3.2804583676878476	-0.055429346381425756	-1.6254818156526873	-0.09078481469959887	-18.01119786224347	232.40391543125165	1680.2301655060182	1080.052953740028	-0.02097690105069806	-0.13949472562389048	13.25594330195215
-23.632976819586865	-45.383453192856436	962.3659898195783	-7.825056453933332	-16.981014960796696	26.973485240432325	262.6611644681424	0.11869725925351722	9.002889420670758	2.4936391012422003	6.0426155285498115	0.0012762641085847792	-1.351905056016073	-0.1120999926882256	-29.09977239346742	231.99389645922886	1400.6379429693907	964.3521637291944	-0.011537654335070134	-0.2431269634831307	9.793974765969907
-23.630640252792226	-45.38126461817941	882.0081756479838	-6.250600970651185	-9.895711223886035	31.26422171908115	260.3835760575328	0.008239586918201064	16.316071620008202	1.6080000756761503	8.806564762471169	0.15341952840515005	-0.46920711586664865	-0.08170571690668035	-40.52061463572434	233.035219401001	1045.7667753494457	865.162076147809	-0.011167537681524618	-0.34181697971393316	11.038008137701667
-23.62897902742854	-45.37998733259124	814.7063558987792	-6.289042891319305	-1.3535476805984823	25.56213895118097	254.7866381531707	-0.016031366923401513	22.831331673358857	0.1071345198951964	10.63581856637525	0.2701954882714719	0.5114994208200865	-0.056118367148310276	-50.10791607319962	234.3420186713408	694.0350420707073	792.8796131943103	-0.01330696089571384	-0.4285575110112796	15.758097027089981
-23.628288710847215	-45.378800600538455	779.9506074247968	-8.01565617776846	6.991070295920827	23.179155872848213	249.82707359749242	0.02542479371396436	27.676566201213195	-1.352647983793251	11.399326031079655	0.254190247252448	1.20837751501398	-0.052397131253284566	-56.31319154096376	233.1106351415298	495.7031870580804	768.2307830355263	-0.012031357776868376	-0.47827715659524916	20.757153782238312
-23.628843981309167	-45.377496488078854	748.6212285327601	-8.361571737831603	12.594372267373403	27.551420418469576	247.8059890954995	-0.0008941448812945785	30.79267381548253	-2.9338107577847117	11.74038085540702	0.12083310760853246	1.685398509329008	-0.04801999822047202	-59.8606791694727	229.80408348707527	447.31487256319997	783.9785478646893	-0.009846761407758475	-0.49124577311180695	24.728501037732947
