LAT(deg)	LON(deg)	ALT(m)	Phi(deg)	Theta(deg)	Psi(deg)	Vx(m/s)	Vy(m/s)	Vz(m/s)	P(deg/s)	Q(deg/s)	R(deg/s)	Nx(m/s2)	Ny(m/s2)	Nz(m/s2)	Radial(deg)	Distance(m)	DeltaAlt:Anv-Tgt(m)	JX	JY	Throttle
-23.67741029278822	-45.38038083514232	561.9539624333934	-0.9109876605278941	3.5435743689439305	299.4218263541427	232.8614979149368	-0.014044270083950136	12.468783806485794	-12.861538043421097	6.854409537521896	-1.4610643281959437	3.015538477956257	0.06864023693791288	-28.537323283373482	193.23078837238631	5815.078393730274	565.8681091972885	0.08788094071407575	-0.32680337506990936	54.86686282397841
-23.683021024285644	-45.377327439842446	189.63025405884423	-23.503487779937036	10.142915525495177	334.55384946127685	229.9454966636777	-0.33112940939042	22.521371420862874	-11.41867455704021	10.84214199716008	-2.3386633440912363	4.555850814126546	0.2029796048769612	-43.60324244096388	185.77140611705678	6376.5966636994945	254.31694343187996	0.07110517319330946	-0.4877934444150971	59.868130353323515
-23.681136238183136	-45.376604465155744	177.7270755695281	-38.79453371712404	20.150547127163847	338.3053273536434	225.32340428659	-0.4504332889447847	30.316951642186233	-5.1915230232261855	12.305973581864116	-2.284100120019376	6.492202141554071	0.2375007668871368	-54.02669839764384	184.52477050110252	6196.824874595658	270.1109456914305	0.023482526092643657	-0.5704202199444948	68.92118088414112
-23.67800607834071	-45.377196231223735	344.1284679304232	-45.11088678138927	26.702506439476732	326.9700726462866	223.06672848276767	-0.4481715096036003	27.326786802992913	5.329004678580184	9.186864150919508	-1.4181570880028804	7.2324779438766456	0.21507085598215686	-49.34644697435556	184.88245045668302	5882.739444565591	436.91703556154926	-0.03234817683542615	-0.4616824559634638	77.72145488139435
-23.67659939916523	-45.377774789615074	461.6390573629403	-41.19729472760518	29.897961677228167	321.0141300291306	224.02161233097326	-0.5032195096948884	17.07296419922769	12.657293613629717	4.563718983190698	-0.49004960843812023	6.823564753367508	0.16160014729517713	-33.70486116582425	184.64736973520536	5728.223884154091	535.9875297892504	-0.060691603941984085	-0.2648958417074499	82.9137692253571
-23.675937851351353	-45.378875880786715	547.8217078233984	-31.555938239447936	31.14473092545983	319.0273063561385	224.9530257432935	-0.3742186866476007	8.081851073871038	11.006535327366704	1.6939782043796	-0.19705212672384298	6.2574192598069605	0.0965693438517008	-20.13902726345191	186.20539946198596	5566.23470230634	617.7972232736842	-0.04729953995879704	-0.12167088912657575	83.21678064383704
-23.675246365783984	-45.3803799424337	651.459468228528	-22.93771105922416	31.257816456241528	319.7897023629703	224.7593595336611	-0.23731164570738983	3.247021304577361	7.94317463372427	0.6077329051231457	-0.27612765795857824	5.771948854097248	0.06186086704512565	-12.863102178652479	187.33977734078746	5449.238145603732	724.194990293408	-0.03176200764059979	-0.05078466907552928	81.70134217799105
-23.67432041172967	-45.38197696557349	783.5388880086538	-16.445956200963092	31.1333634409488	321.7586733588977	224.2197735988194	-0.19345828897421768	1.314585902929128	6.344050469590608	0.3215694294742546	-0.395063644686046	5.4199625617248355	0.061984457757700596	-9.791061908223742	188.21243101012982	5372.910997480665	855.6392053745835	-0.024997290701852425	-0.023853195772878227	80.54645825446208
-23.673192557683304	-45.38354952919885	924.4668960347773	-11.505167599624443	30.848616928277373	323.2617492448728	223.81117483597927	-0.19351255008531618	0.5363772392041692	5.514913193643596	0.26392462479581535	-0.465606379197885	5.205109354270055	0.08087640215873293	-8.881490703590702	189.67698345478735	5290.192377505039	996.9302132272496	-0.018960132684647715	-0.01744605844997446	79.99248267756792
-23.67192442112928	-45.38509282917403	1058.085930251925	-8.039685923257487	30.3957513025744	323.9600995092315	223.59451313411955	-0.19324936614605107	0.17317121467608665	4.533437640088991	0.2506077715168695	-0.4873836047363977	5.107869526705375	0.09480238777739358	-9.038749816454931	191.824061458492	5181.616012637727	1135.7356392143613	-0.010349182813054745	-0.020018495173098533	79.88972977473885
-23.67059460121776	-45.386697207761685	1182.296727325165	-6.0395282506593375	29.86547011590802	323.1742702855454	223.54670560721817	-0.1677741799609361	0.03534024767685473	2.9048709728067883	0.1872910074363361	-0.4695579647139951	5.085653972464001	0.08704330037085646	-9.523169109267071	194.34785407424258	5047.224129067534	1264.648774958472	-3.763630781001637e-05	-0.024443717568794238	80.19079686966644
-23.669275473659805	-45.38838299469643	1302.339131053902	-5.299857851052121	29.43092408892756	321.4329314435727	223.7478091328188	-0.10375284696470453	0.15727671642284236	0.44021327602087806	0.011230871894851724	-0.4221513460268886	5.079962712538148	0.053559798250649895	-9.825067496339123	196.86675860821876	4902.880940335617	1379.2283272812929	0.010180339566952029	-0.02618378801638699	80.75306391389852
-23.668091649439976	-45.38990705964538	1419.9125219962698	-5.2905822758703	29.033495890318907	321.2353904355427	224.214192360586	0.0002145283562346445	0.5352126523461962	-2.77048106326492	-0.2726488421232265	-0.3577851186226462	5.009172132778478	0.003091711113408939	-9.59514944707488	199.00073928013765	4790.902262402675	1475.177234988946	0.01768288406222849	-0.02492972282256542	81.05850658809888
-23.667043107646176	-45.39110227618936	1532.5575818271361	-5.024875417096162	28.471867369391717	323.1417634308429	224.7157500301117	0.10618333740846018	1.1589688807882421	-5.645546189072146	-0.5307600760529034	-0.2643310872472794	4.835933971880931	-0.04468437358269097	-8.876911618064572	200.70635412380716	4733.5812460554325	1554.218422331141	0.01857343450586871	-0.02470129285449768	80.72984440023231
-23.665717110988208	-45.39231333192052	1643.4191007770191	-3.4055368268550623	27.880189800592607	322.8569202226643	224.84866506760804	0.09861338589709794	2.228222228125059	-5.033459891139582	-0.46676494533704727	-0.087756961752615	4.649647165417512	-0.0531461756386001	-8.242305536652761	202.61059164241559	4664.033781633475	1634.8915789778016	0.006260380394128698	-0.03198618916033116	79.95963007926149
-23.6638156265788	-45.39371276069894	1776.2654379362568	-1.3282984571883958	27.589126855409333	319.9799373249408	224.74964529722058	-0.231406831286378	3.685852140177655	4.467045340746135	0.07647185601866724	0.2744495580548621	4.493562755880568	0.03810154600389958	-7.571254171329237	205.29445536562758	4467.270453592502	1750.4833550470075	-0.03917610813678275	-0.04751676075061739	78.28047684621247
-23.661822639211742	-45.39495407930242	1927.3423619435885	8.902175502107786	29.519080427032247	316.37531264179063	224.35721386619662	-1.2051234261449437	4.1271819352575845	28.04800357621915	0.8667649872239238	1.2199439318052239	4.39263800527038	0.3272774399820749	-8.107890636431094	207.88345826244395	4257.410460927746	1897.0953671886423	-0.1482982020012206	-0.06212104782054961	76.23656374757645
-23.660013099527966	-45.39625845090316	2015.4655045625739	41.16002515324702	31.321085481875286	319.1917765635145	223.466263780817	-2.079671262082921	3.895115883830151	50.68038355170079	2.1456922222899393	2.4726313950860654	4.027873009725435	0.5837262801225985	-11.592358222094136	210.01292131477197	4254.108978412221	2072.965473332499	-0.2506474854593656	-0.0980811039623484	75.8031873077282
-23.658947826229316	-45.39822330658475	2115.246599299157	89.50323362130736	26.612359295860973	346.18254965685	221.94851551611194	-1.3966712728200796	11.350355211125718	41.78619662583962	5.907667373964239	2.695198693839788	3.680539278679761	0.40468781021000605	-19.13437456044529	211.48876081621225	4268.85730281687	2233.2912833395653	-0.19358357404076354	-0.25985194370557774	69.12383490175183
-23.657702661871735	-45.39877335544163	2292.9088058483076	129.38232792348234	18.84911373992895	359.419775214243	215.86090827268015	0.05685983007118749	21.824478181200593	12.313524884945773	11.042618605546254	2.2195720657418585	3.891778891510882	0.0016415944058817723	-30.92723083642477	212.2586575270619	4226.177855203315	2282.2141644852195	-0.03640039080032403	-0.5122262358121517	60.92316594143171
-23.657014606802655	-45.39961895150164	2322.3788480716576	137.39495680393026	9.32570145504106	320.55335251826153	212.1507285270706	0.4748488916340257	27.741566249636588	-1.0699259642490246	13.313899162767186	1.9212736427465669	4.228677620421765	-0.09687531561122711	-37.496020395853854	215.8195655212371	4146.408599971492	2310.0914952223784	0.02290345501489063	-0.6276070992074081	60.561034828528456
-23.65487398541206	-45.401293155592164	2306.348698935802	133.39670343911612	-2.0179001206034064	249.1526564043437	209.77309502958946	0.43632207451160515	30.18830026605382	-6.070393958730007	13.724358964487923	1.6295301715840447	4.75075790357907	-0.09695620581763251	-39.91957183116713	220.0428238214478	3962.876293197636	2354.0592917433387	0.03313480086761592	-0.6837298827568015	60.20396031890931
-23.652410704921824	-45.40206062035022	2328.9683218663354	125.2199235702526	-12.708845051655317	173.69604838089057	209.294624407695	0.38661526562040277	30.698650763979874	-9.160945726825997	13.45714722038566	1.2974493610067293	5.157361416720455	-0.07679314494453532	-40.25968591117104	223.613247157907	3800.906652605459	2350.6042837529517	0.036618143214810925	-0.7001457787812504	59.46364805971584
-23.649871876878713	-45.40173221385104	2328.1506073102405	116.50311837968819	-21.08405913623864	111.60510670958243	210.50698442048318	0.3571267543327443	30.712252755865197	-11.495198285510485	12.644772273641205	1.0870535417080645	5.2211407458272525	-0.0468817894232379	-41.11731115015584	225.01647350619692	3689.548896289516	2328.150651597599	0.04633491208871372	-0.6711320733346006	59.499291153908686
-23.647448719377255	-45.40096615757767	2271.354003741114	105.59890567667702	-27.044509896298436	61.23108068975344	212.65596661979524	0.32006061775624506	30.353260287895118	-13.501458681148641	11.46083127268226	0.8804149552327452	4.976808256143252	-0.03269142045679943	-42.10115805524477	225.89025784234187	3550.740831266238	2286.7892702269696	0.06038580200813938	-0.6101140429016709	59.21989764814158
-23.645582310822785	-45.400161146928625	2159.2037564113944	89.68464118340654	-30.20079667130114	25.856754416819314	215.523696194669	0.22095784848047234	28.515223379508686	-15.306232083159797	9.75811320453576	0.5876477858793705	4.544388731231174	-0.038293358125756856	-40.6630796008923	227.683516574771	3353.4232844971993	2189.6837867951904	0.07894386944841507	-0.5219320431845845	57.69487036421611
-23.644259214149425	-45.39904662853716	2036.9029531916037	68.11066428144939	-30.890635460296288	21.764863597282556	220.00148372988713	0.18924655613402058	23.28015276706386	-18.849621945651936	6.683763065833524	0.20601856215797285	3.8610168722390794	-0.06791859967069133	-33.912943006529716	228.66526502694353	3161.3787848029715	2055.7741087303675	0.10604687081275492	-0.388156001748012	55.46587026234158
-23.643561137090092	-45.39724919657281	1922.3472795417424	42.803376806287964	-30.11201063438341	47.054742032188955	225.7809581400879	0.3302527982827852	16.304630211749533	-22.156393692329893	3.220117364643453	-0.13565675513330072	2.6933295994234157	-0.13794363498373058	-24.876364411086747	228.36023521977086	3008.0864901723075	1910.5248608540774	0.12247787813717648	-0.2325654435858768	52.68199392931791
-23.643507089783654	-45.39578741903949	1809.9747245666124	17.886430058330763	-29.280386407659506	59.78966850588864	232.23216141405672	0.40423057917121513	10.448383935119562	-19.37233301226304	0.6991226327332969	-0.17404557936095344	1.6957278146668617	-0.15812379932932621	-17.705500836225173	229.47487541626128	2848.8517391796004	1765.8257424047351	0.10289739745249163	-0.11120590372049607	48.8086715674537
-23.642647927911348	-45.39460201026057	1721.8588615430685	0.040654656017753865	-28.558216099560354	59.43911296869345	238.7695076590272	0.41747503494923227	5.420744197123568	-12.858425246543607	-0.773509541203266	-0.01767622531250586	0.9029048605984684	-0.15941610942926981	-11.222276390195017	231.6353003193071	2666.1963567608473	1652.704349045766	0.0634546558232135	-0.02632053271422502	42.948314381099536
-23.639831753746954	-45.393248038445655	1592.9693644852548	-3.993638322223184	-28.28124434800582	64.94689531350934	244.921700477337	0.28689263910136087	1.8424697701419621	-4.9513703990284945	-1.508206055095254	0.2418442734288217	-0.0846682016668443	-0.1695246465263438	-5.069911825013836	232.22282603554842	2356.42130984684	1557.2102360632193	0.02029373831025791	0.014035133913927716	34.364616234808565
-23.636902439927056	-45.391801543221774	1447.7421553841752	-1.4779121502560741	-28.231945362547457	65.76471794856886	249.21659568912384	0.12745935751405058	0.22429745456900108	0.4891237008824266	-1.328116799822106	0.3542223721960945	-1.001836243209512	-0.14639208809708013	-2.1972608150391366	232.1149016384952	2090.17815173289	1455.1155299039467	-0.007513302497287398	0.022143347948994002	26.443261611214226
-23.635051081806495	-45.390376206595654	1314.7817470643613	-0.7293231850153994	-28.757532974688097	53.90387403142822	251.83070743141025	0.0374696468328312	0.17523176021192555	2.296655310104592	-0.3927131928457701	0.21570940857985343	-1.660806172883194	-0.08286794753551349	-4.023955107094629	232.11515583993094	1967.1519436582666	1331.7510257985766	-0.015530892823732295	0.008329800508821816	21.777348181927003
-23.63367884903193	-45.38887155354801	1169.681208423661	-1.3766065202351712	-29.644813003866666	35.944619598971656	253.9625354773078	-0.04075981830622662	1.447536924175786	2.251868650906852	1.0374792592217736	0.03478196509130639	-2.049025209790827	-0.010548934704907163	-10.298282346529367	232.8640703406071	1791.8012779205433	1172.3270056751787	-0.01740081817225581	-0.04107442908188935	19.77305025002991
-23.632802117864014	-45.386939035559486	1026.7118338450327	0.8560811471729188	-27.12930833930743	20.095078554332588	255.39349025946203	-0.10898013279979575	6.054344811394478	0.9022218701757795	3.2196838425573744	0.043243217386670016	-1.7382488971833707	0.03345024614168973	-21.663012167459158	234.19333731076037	1432.516438614863	1022.3019032136125	-0.017991101354265168	-0.14907158704557139	19.451174466436214
-23.631670418083594	-45.3842422605616	936.2586007191708	1.2978270786694246	-20.43496380488566	17.912119529637607	256.4122126736815	-0.09200093485439471	13.631385247130886	-0.1769245873986789	5.794717784135718	0.09750458861650299	-1.0522144594029479	0.03138787143502997	-34.603584104798024	233.35353785301913	1108.1280255074862	920.7416273537558	-0.01179841886502975	-0.2821628593276126	18.565049858737474
-23.63011750063614	-45.38200936473113	860.1126724750095	0.7204608937860222	-12.227200245758038	23.627164637320732	255.20389150269074	-0.1069342238392586	20.694298846652636	-1.0320264544175863	8.391939149778212	0.10749169187410951	-0.2501687288992498	0.03820262296185925	-44.61604211000221	232.0596446014054	861.6980575524531	856.7651428014112	-0.01527084502297364	-0.3782899951125196	17.939553140173714
-23.62839075768256	-45.38064773747616	813.5812184274944	-0.9438792505071802	-3.7493923698801987	23.543077770806605	252.54105459865872	-0.06083226269674031	25.9264926665099	-1.3715518404845017	10.140560390455423	0.08173758434530252	0.485047108969749	0.04065286544748198	-51.158240032830584	230.9567572494196	673.0873335743372	818.8690088521196	-0.0191035035046782	-0.4409950461824683	19.153171979559595
-23.626282837447953	-45.379850564217335	802.0627785566031	-3.406996562157957	4.817960621650808	17.86912496365622	249.22863730554909	0.05119902724949431	29.82208751898756	-0.892943618546442	10.933349954503532	0.06495119136059882	1.1401150790539023	0.02898744359618493	-55.28282280305622	230.08766107621156	509.0404529868274	791.8733491167212	-0.01876616808482815	-0.488763605219805	22.14289122512701
