LAT(deg)	LON(deg)	ALT(m)	Phi(deg)	Theta(deg)	Psi(deg)	Vx(m/s)	Vy(m/s)	Vz(m/s)	P(deg/s)	Q(deg/s)	R(deg/s)	Nx(m/s2)	Ny(m/s2)	Nz(m/s2)	Radial(deg)	Distance(m)	DeltaAlt:Anv-Tgt(m)	JX	JY	Throttle
-23.682525516405363	-45.377954945332114	348.5196638928288	-4.7290162659054324	3.3918044283312474	324.0856406117398	235.22853556506342	0.019323922750999978	11.429721785568692	-16.390152128628696	7.199419864622911	-1.8248703428821613	3.064148433591283	0.05495353883401821	-27.828310263098803	186.28220536661638	6432.639509870897	396.2861735928234	0.10661002396905817	-0.36281500625921104	55.59325090880028
-23.687086107379415	-45.37556875073045	12.313068335406342	-32.333204747382055	11.815273671629098	346.020486741148	233.33728260819774	-0.4355125606264482	23.737950984105275	-12.62222677163885	12.251436685205707	-2.8437171672335873	5.334889343211128	0.20729043174755263	-47.008908783587	177.73952780537292	6895.116460989004	68.94388540781915	0.07195289666528469	-0.5668185319098953	64.01199248316756
-23.684836842302783	-45.3758574560062	100.00803474997997	-48.55891836487818	21.969064948980805	337.59837480924693	229.10656331287632	-0.47080864480789003	30.86271482714331	-5.336482039677312	13.360188051803835	-2.7286414303594344	7.423859032101307	0.21023090441553888	-56.991108042645465	177.9928395360687	6495.895582647586	105.53465190197949	0.023173929015768372	-0.6370672460466301	73.64321750220184
-23.681280414522664	-45.37741605508236	309.9810056513679	-51.92051359920872	28.40691864834929	324.99663216826525	226.14750748265405	-0.3982837496504032	26.54420994215523	6.321910960624043	9.59302763061653	-1.7296685895499953	8.002834909065577	0.15345304107822838	-49.512837486801	181.44911848409438	5975.481816595497	293.8299475247627	-0.032834115390626306	-0.49208525491085475	80.87515789864928
-23.679334236786374	-45.3786182022732	430.3653553766993	-45.88994167360305	30.68465143425729	323.7511364914057	225.56160335682875	-0.444569239953659	16.34173358237108	13.106596509443493	4.762830610480374	-0.8431967860045194	7.4097015085314695	0.1136481680177002	-32.040708696256864	182.65104642254124	5877.010551293251	412.02033917775464	-0.058404834270453954	-0.28376728073467694	83.29341287071165
-23.678212463976887	-45.37968421064771	529.0094732999605	-33.12747758866213	30.992200223424852	327.081927538089	225.36471918282766	-0.37021273272878663	7.604718403350109	11.8445789294572	1.6141625167312785	-0.49579785136810967	6.508696101820853	0.07284395006760366	-17.20176592705224	184.27378365437093	5812.061912115294	516.3590206296954	-0.04869445254900155	-0.13099250822108321	80.72276856075462
-23.67721014732084	-45.38099657803053	638.8735276832278	-22.74331769187042	30.937990783802054	327.8633377823037	224.77934150057516	-0.24248912158543262	2.762202440505435	8.603418867206702	0.3664117907285087	-0.4902127687234041	5.735616425954045	0.047146291414129946	-9.582453949913337	186.07502325270906	5690.513206666604	637.4722898458441	-0.03528005659055022	-0.04984145394184311	77.92424680636736
-23.675849543761636	-45.38230567782914	779.1006546603174	-15.310529039110687	30.95541145381521	327.7814309456622	224.276678923788	-0.23673248127150703	0.9007964746821742	6.716636036152706	0.05803926035372875	-0.5254773639434889	5.21030066413333	0.04667424541818643	-6.495684714500449	187.47032698958566	5560.120598556716	784.9421343140573	-0.029191858999522584	-0.017111478868790914	76.12946591155512
-23.674174090854926	-45.383576216725544	931.7116934103126	-9.890440104671573	31.102102858543464	326.7733060118021	224.04631980521438	-0.2824939034087262	0.36497970643542743	5.572467496530522	0.08004618654304796	-0.5216102631261829	4.915211957197343	0.06292377491830667	-5.688172177385624	188.95085440571927	5412.25690482874	942.4265822278021	-0.024060731239478068	-0.0070630598722354054	75.19447102080353
-23.672331901641897	-45.38490348246788	1077.4488941689683	-6.0458109514029985	31.419156958772554	324.65400554280745	223.98530489109078	-0.3069624328129021	0.40197466924541914	4.154186477995995	0.22113190506886493	-0.47991415971022017	4.8144252928965745	0.07781663030881694	-6.057069080696639	190.78638471856348	5237.08735632241	1098.215724356961	-0.01750752819758079	-0.006661874325019829	74.89875677460498
-23.670502342287918	-45.38643602382553	1210.924316367252	-3.7828225156446464	31.67694159304979	320.6517905466782	223.89424888024428	-0.2832726828890516	0.7125112367984272	2.056626921702455	0.3662256579754084	-0.41172348426448807	4.838701724025121	0.07725939810081692	-6.8460464480305525	192.9936780113203	5032.908416107015	1247.7291552543106	-0.010132081118573567	-0.008998265636874642	75.16656265681934
-23.668901482819813	-45.38822374448222	1339.1078026611121	-3.2309541528977554	31.586145306239583	314.6861009233738	223.6651241990206	-0.211445689954616	1.094716527418088	-0.6503337138425248	0.3873102818314935	-0.325036689891831	4.8862834881831345	0.05235990373477253	-7.384179787557066	195.40099605880994	4826.4460533337615	1388.949687023635	-0.002417761398909944	-0.009549427089591334	75.849650170901
-23.667653000497147	-45.38989024629806	1468.3888879566878	-4.0515305902015335	31.054215834319105	310.2450854742802	223.45069520053468	-0.09795908142369512	1.4051454842758009	-3.9411549647690918	0.17689047631631993	-0.22662284472819128	4.830087773396359	0.003291750589046887	-7.137268838039649	197.58096534515838	4679.426986877447	1512.3445494418634	0.004246313693645516	-0.006261688617174299	76.35049565955146
-23.666532912156814	-45.39108750489421	1595.6070778962066	-4.9167248797063685	30.34964568283065	309.73439453814296	223.2973014040176	0.001175275613551921	1.7839550596216984	-6.503612460212741	-0.1462607038222039	-0.09566062213940597	4.634459918347999	-0.04565547223510336	-6.243857126126301	199.4440738658467	4613.366132655388	1613.8405088760596	0.004888337806470697	-0.003635077264185299	76.05337169364945
-23.665104399186994	-45.39228459306872	1722.7973293883852	-4.7312417366415005	30.02662514895492	308.3586357635685	222.65048744470278	-0.06053825353224877	2.6314139956760823	-4.1576544738910535	-0.20947167760751828	0.12055303893772126	4.4392121070550745	-0.04230068562211608	-5.418585791890944	201.8451917814432	4543.417105457539	1714.8018180230656	-0.01051959526859498	-0.01049960777088857	74.89201463689284
-23.663933892834102	-45.39387577951817	1867.5104070619532	-4.7964176667140705	29.55831021436847	307.10523642628283	221.67331661824824	-0.49097225766908664	3.6589167845871176	8.639364424053623	0.07518455898990073	0.5136506816666176	4.325096539175827	0.0772579660989332	-4.097716329715599	205.66019297713413	4364.070113882994	1833.4694231552576	-0.06788155458628874	-0.03058718058583751	72.07535380796386
-23.66339994120618	-45.395261951999636	1989.4481504585356	9.251332508677816	30.297373202739667	306.4167762588365	220.5547915308972	-1.552925843383766	3.3811632175186173	34.536681812657044	0.5925281858542588	1.5228105902183604	4.184188039740684	0.37702568662241603	-4.590625670780813	209.18742043954643	4261.940487497706	1962.0432777546766	-0.19071859413513195	-0.06811641796290524	69.77437372449212
-23.6622205649887	-45.396529312532564	2031.660764522513	52.153485238542714	29.84551419770458	326.6801539245437	220.62684771461758	-2.09629213153651	5.050812902697661	50.44206616628298	2.6323453937842065	2.5799181226136767	3.609689352192158	0.5475586023465465	-10.496061826789544	210.56454687056814	4248.953140060013	2139.602250040998	-0.25698200346935113	-0.13878012376215654	69.63538012890027
-23.66109500447622	-45.39773210933058	2182.8387629127074	109.73525166941394	23.253162922336383	366.58187196530685	216.3744924727975	-0.7366897110929634	15.049402865129032	26.69963383593654	8.132243969744515	2.3917882519990727	3.4560290429656586	0.1805090609185313	-23.03811568307455	209.3971228878708	4333.898182413388	2236.2687178707574	-0.11231699724199934	-0.38505426672639537	60.663248871108564
-23.65891762903516	-45.39862514175125	2307.567111223405	132.34255767546674	14.01215559788281	343.839556238458	211.9687288688279	0.0955877146880466	23.80888396886261	4.20511763258217	11.727791446735406	2.011725183903076	3.660010647360211	-0.033964805756848786	-32.1994932009823	211.69959740674952	4302.688216342882	2322.65255715029	-0.003959747589762241	-0.5699067357720378	58.829152460122394
-23.656479024684916	-45.400167880588135	2319.3378170747937	136.11650227469684	3.143268214922804	285.9694764589751	208.92389784982325	0.11520661038576425	28.58277579420123	-4.060477579708244	12.876100385853768	1.8603299927817676	4.131913434826733	-0.04625399979742454	-37.079843910695885	215.36241667625563	4156.705580306276	2417.4260101830014	0.022879589661872007	-0.6567052910808236	60.51529470208767
-23.65472315170747	-45.40103586203105	2312.0306231669015	133.50831730277883	-6.817731459947864	221.39521983257265	207.3117112263368	0.05817371633751868	30.937465201676712	-6.606728170522459	13.309276381344482	1.7091517593772685	4.6127588173170855	-0.016113179399282127	-39.799884731952616	218.25085529370153	4062.7361519706187	2434.640253513664	0.03566778719569955	-0.6910627713523952	61.66680840804057
-23.653172817949205	-45.40124715277819	2325.3758015181	126.55580658870528	-14.880815359961353	158.80907469603676	207.7989482781603	0.039562990389485894	31.054430853416324	-8.093894141597856	13.104459826070592	1.511209414051493	4.950289658778999	-0.0026571074362600235	-40.61981341174848	221.2901717310084	3922.1126195676256	2394.6907936764987	0.04550255698174999	-0.7001232157394672	62.76792037819515
-23.651448408785296	-45.40100418866908	2297.1954476212377	116.24422973598026	-20.73573248783105	102.63022673987206	210.08285817325233	0.05897418573778353	30.172856935604553	-9.52880101547238	12.443080712792414	1.2573008177424772	5.106746554092904	-0.00837160716578498	-40.75337977273564	224.17481652442277	3757.4169899942067	2326.1251641626236	0.05645685009359889	-0.6825697358078027	63.3813016795974
-23.64922714134265	-45.400400389831226	2189.5175917415427	101.50121013822292	-24.790771477038586	54.07009499638525	213.5625607146252	0.07574187367846268	29.417485652770036	-11.08799475961673	11.498271585135974	0.9267380797575735	5.06020493118868	-0.008104292689151471	-41.36693183813407	226.2323441285999	3586.07488844337	2236.322794865467	0.0731417601786057	-0.6267212081976024	63.05742538797043
-23.647294532418424	-45.39963904220736	2044.9166678351085	84.45589268420197	-27.795054044025775	21.89152417459033	218.11465482377693	0.06351275307011035	27.04330994116723	-12.550639345445251	9.806365939533833	0.564658665853454	4.925246603509551	-0.008944998620041361	-39.771717652479595	227.88254835514553	3384.1448032685257	2125.0053012560516	0.08946390152552137	-0.5369093369954876	61.61119939239564
-23.646158418095006	-45.39866151474041	1901.002585757928	63.423385824828344	-29.658208686929925	21.19684376746889	224.06186965825498	0.1135437488004075	20.884450133704433	-15.788686610818258	6.664027722667151	0.14102656075709555	4.471411546591067	-0.03874386591836838	-32.55512833232027	228.75287052069461	3153.366572468335	1986.5870337528825	0.10776413091994753	-0.39477407185000835	59.14019740809595
-23.645290454322417	-45.39725960432226	1784.8803591681326	38.45616329063606	-30.125169993426574	39.517090945777056	231.764164197169	0.2963796067398702	12.726108678726877	-18.58940593067116	3.041181623482781	-0.1959584350437346	3.5396789342278234	-0.09992036916678221	-22.462698705200587	228.6305135723352	2951.0867240457783	1848.8123704818654	0.11141306269240284	-0.2322379128722518	56.73064422033832
-23.643961659103496	-45.39576278759969	1708.3577718565314	15.39415557667273	-29.81054793659419	40.91333695089162	240.08404506323708	0.4484181749078289	5.651469100441118	-15.28693550331482	0.5468173262657139	-0.09994493719239793	2.606712510604105	-0.13629056780923626	-13.865081517479599	230.15633783076214	2762.9607732744344	1712.4345895801039	0.075965773149748	-0.10128184807758	52.8711551587042
-23.640995155215975	-45.39401144416138	1622.4095083701839	4.597709709200316	-29.23720193229076	44.02530855125187	247.57573661816346	0.46906194353018477	0.756453864943186	-8.710200315386066	-0.9049232638379987	0.2226090712436744	1.5047303449171845	-0.16817305154841508	-6.77009229273769	230.79891139749512	2510.5640792483505	1575.1641582867533	0.02594154904162963	-0.022707096567028018	46.703633158681015
-23.638716367490915	-45.392583732158414	1458.9772710006105	3.64983934867735	-29.5122890745711	49.783550235406494	253.60468285771546	0.36292445056655526	-2.1258842604480037	-2.972865660514801	-1.254129030464707	0.43367767414903374	0.38342498164305727	-0.1781967067338328	-2.4843673823689265	231.0209669433237	2220.6162978895286	1455.6958176548674	-0.011797575315112266	-0.005977750900081624	38.904203115114626
-23.63773303483362	-45.39125502359644	1288.5184441287543	3.3145957048800554	-30.52279861873582	45.54456211064445	257.75369909892606	0.29820129373228343	-3.0689014939245904	-0.4932403974349636	-0.5760477744605721	0.3267508274441683	-0.5420484611639091	-0.15560172181170953	-3.081299020154841	231.48990504186966	2064.176755002818	1320.6964201504281	-0.023871480142955984	-0.023887773551091007	32.98999650890478
-23.63647355588643	-45.38955767017045	1125.8894021221695	0.7262597965435802	-30.925428937229917	35.125584900971376	261.51446632642995	0.29311810606647737	-1.8797156281230603	0.38252766280004075	0.7108151869090138	-0.016591594584772953	-1.35692968181354	-0.13091941514386038	-8.509347468420923	230.83735142085303	1971.2536797237608	1172.7199438379198	-0.020140635638308174	-0.06071245745209339	29.01758345083242
-23.635112490169952	-45.387207250891784	975.0506448788894	-1.8401834187873085	-25.87914829010386	26.444806953570293	265.5438695939774	0.39317472346208665	2.8880838376293223	1.2670154366606248	2.8593286513118468	-0.2549021718058277	-1.5830431537114649	-0.16655091561460864	-18.561772369956575	228.77366207979128	1747.7939305141863	1065.4993625455143	-0.010860085834150065	-0.14144130456136353	25.52719237773743
-23.633483291677926	-45.384544425387155	823.3490755857756	0.8532934698116179	-17.389299107113384	24.055561550043677	267.2260420005719	0.3520120000870264	10.695314710229981	1.712670286377735	6.2374077262706225	-0.2088818472609058	-0.8309924294655957	-0.1878333634101811	-31.469704064203487	227.27981159570112	1293.0234658441227	973.4797764686043	-0.01188591939485335	-0.25311995857135844	23.543161720417437
-23.631376414956797	-45.38198802794252	747.6514424279337	6.646916990379108	-10.246125899711704	28.44757262107467	266.5066329291362	0.14893709871657773	19.134285727747333	1.105544275132376	9.443308187963016	-0.074773942991594	0.4530233413658573	-0.14682125906162452	-44.1925174380302	225.70395731720637	889.887143446645	885.7915696783691	-0.013384302317533455	-0.3568656370598705	25.59347303963986
-23.629705342088137	-45.380047737035795	748.686184922855	9.097893474982095	-3.9290225567008124	30.58119058355686	265.521086864024	0.06714692820496256	24.974911215920336	0.5484698462956428	11.360966688157507	-0.08477373000396303	1.4512488636162142	-0.10609157233456862	-52.86629014906541	222.46214891487782	715.3516087457565	843.9519748841109	-0.012681949974162965	-0.4174802239750073	29.078715571209216
-23.62824984153846	-45.37885124583824	760.5787640012257	8.940086079125654	3.1967225020794823	25.26380312568284	263.91691133838395	0.11417140085865489	28.691674629375	0.4940778620547115	12.237689036394684	-0.14619469010286879	2.1319614632024173	-0.0804285681266804	-58.31251060628776	219.4881271614572	600.5425342161461	830.2548160939749	-0.01449560919812196	-0.45962558641148415	32.941664234820884
-23.62673672607914	-45.37801236639558	762.3803838774817	6.970080698944102	11.183980045378636	19.622660188970116	261.7417110006655	0.19819749710152662	31.755164599226255	0.6746617517054859	12.489653163445114	-0.2141220770038788	2.665214328039084	-0.06217325596309329	-62.30006301996808	216.79174898240774	506.65053349691016	825.1481398938749	-0.014699754042731593	-0.5004936373887868	37.44712159679927
