LAT(deg)	LON(deg)	ALT(m)	Phi(deg)	Theta(deg)	Psi(deg)	Vx(m/s)	Vy(m/s)	Vz(m/s)	P(deg/s)	Q(deg/s)	R(deg/s)	Nx(m/s2)	Ny(m/s2)	Nz(m/s2)	Radial(deg)	Distance(m)	DeltaAlt:Anv-Tgt(m)	JX	JY	Throttle
-23.685312167921328	-45.37798078325683	350.4596360802534	-5.644245276786748	3.817595809551362	319.89703727005616	233.81135701009867	0.11050030928640579	10.780265084084387	-18.041883595290216	6.489573709202223	-1.851233610030643	2.52309093463165	0.03900538084283113	-26.14968257553372	185.11348778657378	6337.578837279145	366.6783790249617	0.11871923491577178	-0.35082746546048377	51.68378979495498
-23.690114992042755	-45.37554845652125	-5.340910557265033	-34.876056971949254	12.123891527843274	336.9248129154472	229.79074540223652	-0.29735890606221826	23.07046734890906	-15.193420459205962	11.314936639980637	-2.884268307238927	4.454042699248485	0.17175524235349485	-43.67327660922423	176.57989792665734	6818.134392957216	44.571959860258175	0.09623537454971265	-0.5718693871273838	57.502927790203564
-23.68655963077942	-45.3758049430858	36.45644658432093	-53.82735164509448	21.043274574577833	325.89397959960354	223.649020851947	-0.38766563816255245	31.214659193129677	-8.469688097580132	12.541677995017736	-2.7250602388965266	6.431430887879973	0.19051120027564647	-53.42759477877207	176.93648693440954	6611.499710075236	116.78410672152381	0.04257789447831175	-0.6564623634418908	67.09310046901503
-23.682266513849967	-45.37677528978706	214.8021351494442	-53.82222004990396	27.27967999547276	317.0758261018144	221.63442429880737	-0.40258752844088563	27.722636332659754	4.454334638463245	8.699290494794674	-1.5815665336913376	6.976775803331314	0.1809638289167468	-46.95142694331694	180.0109447342561	6203.214690519246	347.2089010273628	-0.027332286833129854	-0.4980769423115309	75.69236086524484
-23.680092726793504	-45.37715423833057	362.33409616557435	-42.229439360769334	30.158277072530755	311.6772556782218	222.8506338001711	-0.5108941586434582	17.43909882890033	13.359160979815881	3.8596235164188686	-0.46076473664564493	6.455939573644332	0.15224124528419572	-30.942981773216736	180.98140902582108	5987.346961667472	451.88420377181444	-0.0631958365548849	-0.2693790922805824	80.51692905333093
-23.678857982670863	-45.3780294646979	479.22767988774524	-28.904902112112605	31.04910046628914	305.9249059666958	224.2669709297614	-0.3728914378413068	8.358137548460345	11.452450727155044	0.907196511186446	-0.09968152236262527	5.90911104744549	0.09675629169761762	-17.284415860049492	184.00258514556793	5817.046258323262	527.3513697377068	-0.052655793705931896	-0.10741722905971574	81.70385515659284
-23.677614691775485	-45.37938481993549	586.4203627305872	-20.43086341443649	31.491591766654153	305.88230700459087	225.02689170684556	-0.2007374781520168	3.402718038344391	7.0037822304163795	-0.20157085119515372	-0.20114698262977848	5.547814551211099	0.052638969576864134	-9.761942695563038	186.88100862363618	5679.877795848015	638.2242480563011	-0.03463556523833084	-0.02747776346506134	81.30364118097616
-23.676205913025786	-45.381042940233655	710.1491665902573	-15.10201878017627	31.28864926225605	308.4702213080507	224.93563177714478	-0.1791587372078967	1.3106417716674912	5.049693621822776	-0.4231851603552883	-0.35801546255481154	5.274926384694384	0.05002981515720388	-6.738340164098311	188.53507750638425	5570.912080680986	785.1464429597495	-0.025624515221364445	0.0033785292925861132	80.44404926875873
-23.674783267466683	-45.382765337557395	845.2410189565833	-11.220624316501752	31.043653048053724	312.6726286998928	224.68244935292742	-0.21669566729495635	0.4478630581843692	4.492687954047887	-0.3551256464760293	-0.45132069856939233	5.0931128801391985	0.06970963356962939	-5.875602738120428	190.04832276564045	5467.723487717627	950.8077564500019	-0.01917303776632755	0.01101075313157071	79.80412165139495
-23.67332201190879	-45.3844434212463	985.3908302304382	-8.169557321954354	31.166188548196043	317.07082634218386	224.4964051306746	-0.23848975210660017	0.14986194095886773	4.0057143493261504	-0.16807749831255503	-0.4594535189659999	5.029092819204517	0.08854387276975456	-6.0228097455948095	191.9389234363951	5354.3556923676715	1118.6233502176592	-0.01170704838182616	0.00854781548345196	79.608126346055
-23.671756538840217	-45.38610611937031	1126.7763328316257	-5.786376783759017	31.52127286700111	319.9703502437637	224.34344154051587	-0.21947710903718964	0.1562093777487661	2.968385142885979	0.040621306317508044	-0.39842519487482086	5.066104852601325	0.09348841864895904	-6.566106487102491	194.22338804834615	5218.163400021859	1275.0269182005377	-0.0038310822082705284	0.003200541220735237	79.89907342417426
-23.670133712263173	-45.387809835036904	1269.4631731118968	-4.1642855498038855	31.830887247762057	320.46057078356836	224.23435587770447	-0.1552313362053348	0.3416799981133458	1.1082971333021907	0.15481847637152235	-0.30288840730360067	5.131455015612606	0.07743465275635217	-7.042780676942876	196.74622211284952	5055.864559456205	1411.6495454951353	0.00315306531447964	-0.00016913408805391272	80.5198370258593
-23.66861807689655	-45.38941239487486	1416.1091733646667	-3.4016981400756805	31.94959968337672	319.7717823490755	224.23661199013046	-0.04279830766803449	0.6162451001360605	-1.6489082540585294	0.07508640304588265	-0.21138983679315365	5.101757062681857	0.039146260740648794	-7.027786325202253	199.11313801964928	4898.45919599614	1522.6606161337895	0.007722354242010341	0.000990279645406933	80.91859361009173
-23.667314521529246	-45.390601973156905	1564.447649559289	-3.611222706511999	31.826947516946	320.6490213195428	224.28904982754682	0.08764058612023758	0.8824205535070497	-4.498162703140573	-0.19789945534835507	-0.14731820084053338	4.873978077878832	-0.010311012066936562	-6.289709672168719	200.8314079905237	4805.653277691905	1609.8270919188544	0.007987378795129563	0.004964407845334168	80.31177056991856
-23.665827906398	-45.39164882037546	1705.6636415809066	-4.0509433595425435	31.543517239323222	319.26878464577055	223.92344569048632	0.0914149953021982	1.496247104680256	-3.727086681146233	-0.3808312340521516	-0.05318563988867296	4.528530458234972	-0.02644590981626674	-5.562306688244135	202.38293439724046	4743.877915903534	1688.5953544286529	-0.0026188606247969917	0.004083915968126489	78.77108313885262
-23.663797478018193	-45.393006597605215	1820.4698213090708	-2.4028604958512965	30.576809903567124	311.49396482684926	223.15206124046443	-0.24913224054688288	2.5586364838897584	5.655982249296158	-0.36338056136792396	0.2707348201510196	4.201469000049794	0.04349944801696237	-5.825077988391715	204.4918070505272	4614.659878913128	1744.6007619679367	-0.04273579271227324	-0.008381964649201934	77.09894445312027
-23.66181672945403	-45.39442056585523	1968.3806812681614	12.888634205674546	31.923989937350687	304.4657505281151	222.90346751066934	-1.2494292513112275	2.353089693364387	29.197170881115216	0.2846377102267663	1.3909538432597826	4.086926355319337	0.3407819695463396	-7.804578017301527	206.83601909511196	4476.9864615967535	1844.7341971234512	-0.14624410607094	-0.03316993231846216	75.44872793031254
-23.659948143689196	-45.39630998540289	2088.150025172004	46.27369979905378	30.953182828562387	317.69747129965225	223.25862652866113	-1.9801464834608267	3.405668962744267	50.22758548883877	2.3575183843585683	2.5901201867057306	3.8354443244033556	0.5870516032968288	-11.819162632877852	209.77576262895386	4350.657192699304	2090.2267540490925	-0.24419786035540036	-0.08766154459164607	73.55635969979714
-23.6597408836661	-45.398597406131515	2197.739934790672	102.37717143532191	21.155528484124254	364.7757466757307	220.86905441458418	-0.9463160092076185	13.085972494410248	35.16786867395715	7.519429327471799	2.621247431100377	3.5814187225387313	0.2751580846227061	-22.75686755749329	210.2477521377028	4307.98690444288	2271.3794066191867	-0.1483144657973518	-0.3153566140584402	64.08828334675648
-23.65805380677205	-45.39871696893773	2346.1802453259234	131.348970073526	15.535794140736243	353.1101795657099	215.35984843566348	0.21848727945237095	21.906247164416033	8.380186468164585	11.917359657876403	2.1806472246172346	3.7536465831114354	-0.012911934713268507	-32.666121105317856	211.76337019193596	4400.188926149866	2280.9508746916517	-0.013570578891795247	-0.5238662324458643	57.73724197564086
-23.656438898690023	-45.39986108154722	2371.356206189793	137.51132189747028	7.882492352268101	307.9199447329529	212.8066855419535	0.42546660848691714	26.547376087945693	-0.8884989104107862	13.264313688173672	1.9620563895345768	4.12157524375743	-0.06112421613315471	-37.96272628664854	215.64382296146178	4174.534605321379	2335.415847839482	0.024574225721847132	-0.6180861621344896	59.01063258994092
-23.65427984511855	-45.40122625206847	2393.17891340835	133.19370847722325	-2.0531438097525374	232.7448719959026	210.48273888487114	0.3411186735324441	28.849698145509194	-4.759292196318104	13.330718729085433	1.7673312821560838	4.581150329989893	-0.04972461746277949	-40.37527697531528	219.53532919055257	3931.637199595238	2357.621173794275	0.035797847605073034	-0.6678029748402442	60.29855455408268
-23.652154082162703	-45.40180182507376	2435.180259213411	124.26587394165887	-11.992047375709276	151.8881532188697	209.61650407675	0.26858257030248855	29.506480494895488	-7.71504812623814	12.81653281529418	1.5230618974689136	4.946175565117974	-0.03987512503146066	-40.56213136743406	223.1351432440512	3743.1994166992135	2336.9383232289942	0.042399142599897056	-0.6825950650718428	60.79092469891217
-23.65049589428064	-45.40154504478251	2407.7664227178893	114.92738500241516	-19.438511052751817	91.755522281583	210.86822667082666	0.2455827341267116	29.128846666035223	-9.982827632312661	11.798042019409461	1.317897688958523	5.129315392760522	-0.018008778467810196	-40.088396219523894	224.9514826724643	3639.9851568367776	2298.566375722703	0.053995413707946936	-0.6507908412714807	60.56604376013177
-23.649272001966278	-45.40126702795067	2304.6264746471925	101.98632272023228	-24.300847851829655	50.17822823048627	213.54284509070447	0.16659627625726758	27.017457866576	-12.011567804957428	9.891599835291936	1.0853329078946037	5.2174625636814635	0.02676913451252939	-37.92761026447319	226.44563502075937	3501.240715709499	2229.214709892237	0.07117176559864065	-0.572562809058463	59.327138499205304
-23.648487408438058	-45.40069305390129	2150.975093713475	84.85340780188629	-26.707119964567774	29.01481807734288	216.87091523668414	0.07704849769481416	23.737377857513295	-13.248844516458032	7.7493254535233	0.7890748724607123	4.914018817946876	0.03752471998262527	-34.89102706148141	228.39588299923327	3297.496974327253	2121.1085578147986	0.08468503559935658	-0.4667571240219479	57.05023687093404
-23.64780471954295	-45.399196895306986	1986.2909659168222	63.96209988716001	-27.018918098932154	36.15907056844577	221.06573518993218	0.1543854807263641	19.427657990842615	-15.229610346450807	5.592827821040821	0.40731838497964373	3.9818504871670846	-0.01948915964014815	-31.0994144624095	229.38452269345228	3094.6191803021934	1980.8791909621884	0.095306970043716	-0.3404738038362597	53.863299881926345
-23.646355450797227	-45.3970720623311	1877.8604318666812	41.42380349315241	-25.77708024496798	56.182687033687046	227.48658797753887	0.3936721391706977	13.118452192157276	-18.40810863421939	2.6610825458683443	0.006354399096387811	2.7532328090562777	-0.09996818907968597	-24.043451786078506	228.51911111709637	2931.734296123528	1867.8415529485756	0.10411404623188747	-0.20350864558312923	51.16360322438282
-23.64495554295772	-45.3951370865744	1815.7960010533093	18.346718068978674	-25.361042277637452	51.65901562571773	234.72745413969866	0.5579824815618896	6.6971274078809895	-16.43807677696247	0.29952033258306177	-0.03144551058375315	1.8028987238116847	-0.1289481571508083	-16.336071417500605	229.6067344672466	2756.745657857472	1763.751897657183	0.08106499589195668	-0.07880991665700016	46.629095080641235
-23.643174211074474	-45.393560820288414	1730.0428467239092	1.8321385793275553	-26.334715189099846	41.56002303240109	241.26608463128005	0.5185483673420025	1.7287882373995114	-10.444232475011114	-1.1505974125795575	0.11747166791917678	0.864410033532915	-0.11295308991041536	-9.801764676757747	230.48546513966164	2528.569822933514	1667.5054464852963	0.037679755589782066	0.011635086162182479	39.78385799470575
-23.640451716816695	-45.391986227141885	1596.8684477964712	-2.5310969910089227	-26.82986785718385	41.70370299350179	247.17439830289754	0.31293034706615513	-1.3086559586089788	-3.361328216649252	-1.8632012047163444	0.342237036905517	-0.19078916461283058	-0.10784134438627144	-4.261688097950749	229.77379512121598	2188.648175088407	1580.001809437729	-0.005917525107368806	0.05511785040397102	31.046255232094918
-23.638156619749676	-45.39027967527083	1462.19335226918	-1.0089133777217505	-26.093628791280658	44.194896357710974	251.25679238169317	0.14955700437484676	-2.3423124850583807	1.1587075328453362	-1.6215347268149785	0.4876811397344234	-1.0230447478866331	-0.1108730624242846	-1.3229767372007544	229.69681842499597	1897.9291448105278	1477.119087071897	-0.029155046404262454	0.057750427465201065	23.276510173902274
-23.63667532413229	-45.38879887592631	1328.6358546321806	0.4539349149733489	-26.52514448620594	44.52159782286401	253.29199410273517	0.09848264118996304	-1.9024637319922189	1.9831386878368806	-0.6737532917574667	0.37841041092047284	-1.6299524620549706	-0.07024897688613968	-2.729375229487964	230.32884130818073	1784.1105227977419	1353.2057334684475	-0.03189149927827492	0.03587322549788599	18.099685721077165
-23.6354087559853	-45.38733578313897	1186.1686121479179	0.890297342672774	-27.73255082787486	42.840517026674604	255.29250464889523	0.1113290772540916	-0.5561359606416545	1.6120706960274163	0.5385409624823483	0.12698238450210875	-2.1409633197256026	-0.021443913811490627	-7.69448674449205	230.7237233790858	1670.2107602652914	1205.3295115843705	-0.027470671293169734	-0.010741468914493402	14.11430256070907
-23.63439969099658	-45.38563500705761	1017.749951895252	3.071880928328202	-26.250694521346873	36.07658295164515	257.0875669493759	0.094997027482196	3.1815796537451284	1.3861682626791867	2.557153214639656	0.01621931367479164	-2.1498772403919117	-0.0005842735220919007	-16.642045470045396	231.54192630651727	1333.7682191919253	1063.0779971111772	-0.02842039320869848	-0.10129605412862888	10.918890227880404
-23.633412953850414	-45.38343263098502	863.2307391906681	4.982993079180845	-20.228844387711053	27.061208295768665	257.9738627949872	0.08750608925061314	10.357416927723758	1.316301674803724	5.5613865635841275	0.10036998062737987	-1.4742401297556098	-0.029219473714696173	-29.37247474539663	232.37362574142654	873.8022773698681	953.6789168873013	-0.02835182931768314	-0.239222924023041	9.882017550154302
-23.631427130966692	-45.38122515755123	793.8083572901978	3.951739301618691	-13.689426701401455	33.742823096072584	257.71461534545875	0.03880747431659555	17.928066284554955	0.6934437882972073	8.162014304024572	0.11743187234262875	-0.5806145783507457	-0.029017668849235984	-40.32652729051472	231.31417505976955	618.4857665825884	873.3674601394259	-0.023123908528040624	-0.351217361154813	11.712215098675621
-23.629659845736857	-45.37972678999179	781.7856654427517	2.8341325883440263	-7.613468837214778	41.552397136398895	256.9223614653458	0.01638147692671625	23.313358239166938	-0.24717544349177845	9.861543031071559	0.05678422664345441	0.23187076312259114	-0.01558466330405614	-47.197149472315246	229.32980053855013	493.0636362755222	830.8337439204724	-0.021299133276125693	-0.41648288420342466	15.071822320635306
-23.6287152004531	-45.37855465304826	798.2179122323162	2.7885855103558725	-1.8862751200172019	44.51580685548046	256.3913442839928	0.04671441843451678	26.732651414826222	-1.1018813089123576	10.750686832253919	-0.017387340366604595	0.8463088793570974	-0.0146422762894119	-50.69984959373866	226.67860666470006	433.8461672722415	820.6905476213972	-0.02076603470811265	-0.4531340293177727	18.488199704179245
