LAT(deg)	LON(deg)	ALT(m)	Phi(deg)	Theta(deg)	Psi(deg)	Vx(m/s)	Vy(m/s)	Vz(m/s)	P(deg/s)	Q(deg/s)	R(deg/s)	Nx(m/s2)	Ny(m/s2)	Nz(m/s2)	Radial(deg)	Distance(m)	DeltaAlt:Anv-Tgt(m)	JX	JY	Throttle
-23.681984309326495	-45.37767431603686	353.70521570947244	-7.046046604980326	1.2424335392730859	320.1557369539712	233.4763006456898	0.03216805910263497	10.156106610848909	-17.428748195084086	6.943322645248265	-1.8671863164686469	2.5699343660006178	0.04251794050085784	-27.669031359141737	185.56239163446696	6377.620027804652	368.97665130011353	0.11868203417225805	-0.33934522681536883	53.59654447924945
-23.68764225196689	-45.37503186844854	-7.096652983127569	-31.908410096357226	7.731370246093423	341.4226101464732	230.61472231946928	-0.3495643646814436	20.5212512832227	-13.880638752758626	11.523681614258443	-2.8299710394834805	4.243666725893442	0.18262760030532177	-45.00648655557549	176.57056131975784	6902.0357602016265	26.479525334447317	0.08943477887734502	-0.5281466114448249	60.020255794413785
-23.68572956494883	-45.375653150541105	30.787961606344425	-48.15883411306076	17.072138838974045	333.8212920872572	226.00662504420865	-0.404623330770201	27.90909617430479	-6.04153881481489	13.08833607633327	-2.686990600134086	6.298212937946776	0.2148118426414429	-54.998332856027076	177.1788309323266	6569.1886549103365	57.76674656936552	0.027754526123855806	-0.5999656399681147	70.0519931627097
-23.68231221095735	-45.37701931752767	240.9291631584333	-53.887082345420026	23.276671179449522	321.8704524967663	223.47135655016223	-0.3548039085893131	24.80639764978551	4.779762367629685	9.607758293029864	-1.6562378737888659	7.2310223180764694	0.18743869703398322	-48.19442634405402	180.1195628893943	6118.285405365002	261.4402275604275	-0.04032049600912396	-0.4612567743516831	78.61484942041402
-23.680201227100998	-45.37799108674834	392.9887925526116	-47.25998416641238	25.80029013393933	318.8930367170361	224.5236756360254	-0.40431923615605014	14.924523044587652	11.00305120350028	4.554714856702034	-0.7324576777655403	7.007556589880746	0.15441267029055353	-31.49816271991552	180.8378063980918	5969.342459929038	409.1017813745301	-0.07194701170843334	-0.25963716154491057	82.63385814134139
-23.678744055675025	-45.379338963483626	490.72360101009997	-35.722082851590926	27.004317640409518	316.7795187983213	226.23318617412144	-0.3166391630433815	6.232728669636668	9.08132084315698	1.232965183165443	-0.4554694781919038	6.53390155149265	0.11784574143931462	-17.593290543283434	183.10052487159643	5801.496878278047	518.4099466509394	-0.060552300992512416	-0.12160449979240726	82.58403101955264
-23.677246076389203	-45.380909097096975	599.9572904254524	-24.944925509343737	27.46438367011724	314.3262192352179	227.06055311225617	-0.24925293914154584	1.8831370475684377	6.228516011117553	-0.09362948663987236	-0.45364213351074584	6.070285346945375	0.08900427480038126	-10.328430514859898	184.75022069527063	5629.740406375671	639.7006460065344	-0.04387769028690816	-0.05997209306259224	81.22368555692627
-23.675622988410986	-45.382553318508386	743.143612947353	-16.43728787566727	27.7751901410302	311.5511169613469	227.17962507671413	-0.27933390478255	0.5050186854788663	5.048879187163034	-0.44306319318102183	-0.46074364704220655	5.673285573208329	0.08176983708398411	-7.361490383855777	185.97869414822898	5484.835857721993	787.0030197818122	-0.03435770104842656	-0.04251816380420134	80.1864655569544
-23.67399132020068	-45.38414727907117	904.1268664174659	-9.837956364524064	28.32229969193784	310.10954485251074	227.07150178604664	-0.3324392045892626	0.2651807505023296	4.660418701625175	-0.42307391695206853	-0.42539965009660136	5.351426200112493	0.08795411174396517	-6.627154752906886	187.6534341091849	5346.948515081453	944.0739306775829	-0.026976554723279783	-0.04265884120356142	79.67403584987126
-23.672298472614344	-45.3856330883105	1064.0608581995511	-4.780739275426519	29.11154115009536	310.8087789127637	227.0302867684315	-0.3512486983192404	0.37824850372346397	3.9089602019476564	-0.24691053589909817	-0.361602526272569	5.120437117154854	0.0936629438785348	-7.115375594607777	189.9953998802755	5191.622584428915	1096.5126590036073	-0.01945287344191598	-0.047257419082026936	79.5139271048082
-23.670514278911064	-45.38699524988742	1213.851013718127	-1.308499441674389	29.815432243956444	313.04448792669234	227.25882310214448	-0.3045820851370488	0.5837952942488354	1.9644601810747875	-0.0762936927641995	-0.291811093097591	4.951710354462444	0.084774781161778	-7.986487835115529	192.70188389036068	5014.498832743622	1233.6277589293884	-0.011960059554343734	-0.04910315588703998	79.48372368990583
-23.668823333279658	-45.38813925347719	1357.897268449906	-0.32140474236095073	30.097193296222077	317.91290707026576	227.92987219304814	-0.1685530986343861	0.6851015970323289	-1.8714454502946931	-0.15138408055939845	-0.2457230797655855	4.746646873963373	0.04200557917688233	-8.236720774996844	195.10373263508487	4859.249902788317	1348.5391128125736	-0.003197209208771032	-0.04141334130034294	79.21193722234526
-23.667247860047826	-45.389275678629915	1504.8924592966569	-1.4676923348668929	29.91570841456019	322.68957978290786	228.65693680483824	-1.3480762875578423e-06	0.7645876392749873	-6.108060871544213	-0.4471919230188357	-0.20233355696455113	4.501873672426456	-0.024540089834293767	-7.648771547735876	197.2680116026066	4746.708519491323	1453.4046649840486	0.005366778567187865	-0.02668210795839876	78.6954962838354
-23.66554575363196	-45.39078553705601	1653.9165173905524	-2.097890928101581	29.64871312638573	320.52488587336154	228.47676227236138	0.05429313306085455	1.1588939518596657	-6.827918961324307	-0.559539035298382	-0.086501814635405	4.33345499949171	-0.05977805381237227	-7.122412999562272	200.00635486398588	4650.467894010928	1572.0159132482333	0.0046299886347030625	-0.019118356452270197	78.04767900330037
-23.66411131731157	-45.39252080396996	1806.6534291452447	-1.1231397505094236	29.554876037468823	316.57893921583565	227.37143468841057	-0.09232107601506327	1.5269831106053715	-1.7590878046437801	-0.4221370729974989	0.14798363576201334	4.240833301044404	-0.025323166639376567	-6.614284659195036	203.1240070484178	4582.267683051641	1705.043040360198	-0.014903114904729986	-0.020327862138168395	76.50468290083603
-23.663483709303133	-45.394306950764054	1976.5583068024348	6.702834027959028	30.038999254133834	314.5900449353198	225.99531639121622	-0.6872593034359893	1.1913118730964332	14.464876125018117	0.18906653940145812	0.765554408084694	4.182956140316826	0.1552788882300027	-5.987412040984957	206.7816267731925	4526.512451043692	1862.674160122759	-0.08352056269296534	-0.04386634721071961	73.96126933597193
-23.662017029148107	-45.395440469664024	2089.733217187233	30.548660376030327	31.567676135352453	312.14311711975904	224.70436230654315	-1.7448592671178254	0.7079836164334115	40.999080037142114	1.5356773874351983	1.9527336482493576	3.8923568470607526	0.45993519468407856	-7.515155135737626	209.80982462836607	4514.301527303095	2040.3728846424494	-0.20854980208933185	-0.08471965055731467	73.63238581530167
-23.66061028436093	-45.39672078324364	2107.067293858243	66.16579971385598	29.4264563683704	322.85301468652193	224.22162291393911	-1.8718229564233013	5.197639326707316	49.003537128769196	4.354945266489472	2.8279487812458095	3.413400320846152	0.494278537860346	-12.678392996148508	211.2760898710438	4306.377600220271	2126.402503607524	-0.23642637908005254	-0.166556161380653	72.11170261328844
-23.65957014870604	-45.39763314548755	2243.0658158370497	115.62033719925407	21.869276383633718	343.08513964598615	218.79707655241558	-0.3119775489888983	16.439210937192716	20.363130645074857	10.10997463475895	2.5195765997698008	3.6804583240488418	0.07045096751980238	-25.95726902925307	211.03924761305453	4352.839707085384	2145.1449820076086	-0.07341700216282011	-0.4339355469986136	61.779722189118644
-23.65821065289966	-45.39854738437442	2301.258661810997	136.7625894611027	11.861359473061036	314.31088327217594	215.4499732864356	0.43856102618035325	25.31513159593335	1.5153049878179468	12.982885327972305	2.093444618955691	4.110198494524424	-0.10540629678313651	-35.53568874021408	214.94576529750242	4343.414780345874	2247.670804207914	0.022963863949528273	-0.5947899048133123	59.549754181868025
-23.656210368714916	-45.399827693944104	2300.3874302290733	139.84469626713084	0.9749958914217629	253.2596727593285	212.83851561046168	0.38981544869646684	29.583469171891036	-4.244997414656909	13.474976702305693	1.9268088427963135	4.456760711723528	-0.0955998136333934	-39.544335909102855	217.94683236252817	4219.18300423131	2331.6965345376752	0.04723894780187767	-0.658179954167648	60.42852628408447
-23.653297905206703	-45.40069796304684	2322.828183100183	135.4349543641786	-9.960024263228835	183.89445117810763	211.49000438876794	0.20664438950544017	31.27224287185657	-6.961142526487642	13.09228121820172	1.7132080352002672	4.789494483820952	-0.02381771648406212	-41.842497921868485	219.58427885451857	4076.7040034143542	2385.148283994692	0.052316564905653055	-0.6812925743245339	61.21934158139794
-23.65014936520223	-45.40076264206697	2349.5249394469247	124.38438776556475	-19.07749470189797	110.19555326343094	212.62600511384966	0.20662487826049464	30.68822288904763	-10.519672591264612	12.150637074429051	1.3996050006462875	5.025302084460371	0.02631458690835379	-42.75563206010486	221.07994449573567	3930.2377326221454	2377.9694829514574	0.05834320064643828	-0.6676132386557957	61.02644834042959
-23.647492709012177	-45.400408144015586	2310.3391971666993	109.99580858203947	-25.427063431100198	49.249198820613486	215.09799061671984	0.17580761730154648	28.42190019608358	-13.543482129193604	10.508541207929532	1.0079945538149484	5.010616830150321	0.04815728250651806	-41.99818915771094	222.9850902548905	3756.8696278470434	2324.847155187064	0.06954854497427665	-0.6174192692746946	59.68641441894107
-23.64572141493396	-45.39989366014882	2182.201118349351	91.61729068598532	-28.404497794538308	12.42002666622136	217.90284035631544	-0.0031982570879857397	24.39715895827515	-15.472371232156265	8.120889144724323	0.5323968765648531	4.67453620134184	0.05651203570911191	-38.652701590071665	225.69424867591397	3528.8996973412904	2212.954653533312	0.08699567831000937	-0.5206548150453578	56.730349677453425
-23.64449159979183	-45.398737150869145	2035.0594556426697	69.42167674687857	-29.06715034689234	8.551896132911935	221.56461434369095	-0.05858773119925777	18.616003125903624	-18.067433376844736	5.445713737062479	-0.015505361615461455	3.867608706154061	0.012212581967527008	-32.50667720762074	227.5675279019627	3303.460750774821	2068.880100374198	0.10460933877569428	-0.38170262185424536	52.70530708378568
-23.643635155446113	-45.39706249365757	1935.2820407015847	45.728459468716494	-28.536525144247335	23.47893944019222	228.209846017349	0.13406936061559332	11.60874263934331	-20.777141694068046	2.5147051313383684	-0.4359973336807011	2.7937381605307907	-0.07364075389778524	-23.80535388843224	227.32862489118855	3124.65742138114	1941.2387539512995	0.1131547722965205	-0.2295996705753414	49.73344854419534
-23.64343497861059	-45.39565201604361	1855.075778107619	22.53991751949232	-28.403917454539588	21.83159439585353	236.70822851399222	0.3179672984070903	5.440238073855372	-17.83524357694318	0.43872800071333895	-0.38277980310728005	1.8954750743881468	-0.11799877539766193	-16.19924184698815	228.43236752508827	2934.4554014079945	1815.907959121139	0.08838088335082177	-0.0946546044493638	45.69687366017578
-23.64141508365243	-45.39421719420044	1729.4952371569216	9.123371277891593	-29.3342234125924	23.30475589508282	244.12623591567157	0.2798462958135366	1.283634675613424	-11.223188152338459	-0.8121499009577304	-0.16350533968921327	0.6993693173692996	-0.11276577511401584	-10.299098294407816	228.17086176998794	2662.622241064294	1703.619959446908	0.04587974100795272	0.0031824441281381177	39.009639252548325
-23.63824959073631	-45.39242354634823	1585.5735755009707	6.239202910667066	-29.741445596540295	30.913851358168557	249.4114599220251	0.12494264899107806	-0.929905369866427	-4.431738654649965	-1.135543562632031	0.10245523095298112	-0.578361483686705	-0.10228142702258877	-5.8355328298242775	227.40002636737825	2307.4043633156807	1583.4312388496269	0.007924314311548948	0.049654594774333455	30.45785729654821
-23.63698900135694	-45.39080245390941	1443.504650880476	5.648760834007561	-29.880446000563857	31.681154536489572	252.64984530741302	0.011255006251031027	-1.7741088831090632	-0.6622791581347461	-0.4757487589984075	0.21500538520878432	-1.428413859300476	-0.08246939456124491	-4.34285454225887	227.95862740254566	2040.9937493843615	1466.1038192375772	-0.00936510785555603	0.04989145672108827	23.064895582862526
-23.63667404431215	-45.389423766383715	1325.9443442109591	4.715059081401723	-30.954167732939773	25.68511283704396	255.10090623886927	-0.05011935766509173	-1.6198756547980473	0.6616955032931303	0.5022963348429847	0.10905800535582352	-2.004251336770791	-0.04435960003047406	-5.98106603836969	228.2838384205761	1918.0747627107235	1344.8545175813347	-0.013018213182500581	0.027378740186206812	18.454114452412313
-23.63614725193954	-45.38797145188757	1217.929667049867	2.5777396749368187	-31.989054548494067	20.22286702354353	257.497822552907	-0.0821288440475858	-0.7042114658329979	0.9482841894242554	1.61577118359157	-0.08717611366270582	-2.531608671993115	0.0026836151890872774	-9.99094702288066	228.5516687603558	1818.660859840741	1208.3674227546167	-0.011414876509266753	-0.01445267268808767	15.200277069651868
-23.635118445934268	-45.386043754575724	1095.9696648902998	0.9012845617640508	-29.25730443121553	22.463887229941662	259.17322402121783	-0.0597989685880631	2.1704775319133542	0.10852492550710358	3.2956887165643387	-0.15060846311828452	-2.7897181308172962	0.03267639456124207	-16.995506874332005	229.35236223993616	1637.8408676971567	1078.714968097629	-0.010711152196326594	-0.08231410368903436	12.59188700386703
-23.63419986757544	-45.38361648134284	939.2891522984208	1.2544354041227983	-21.942734984655505	19.964529275089944	260.0922904590326	0.08123557212812248	7.93919516214127	-1.5683037248037426	5.94695065515202	-0.039754782767212685	-2.436816914510139	-0.0017930665871746833	-28.61390656823596	230.8757040624674	1305.890033962366	963.7549169207614	-0.01165585700744861	-0.19655161327071075	11.546246141995091
-23.632839343482196	-45.38131066610499	808.9401163534434	4.046079908908638	-14.012605781771683	16.275514709690498	259.7300494224641	0.1837905729692555	15.191460939662715	-3.091884933053142	8.712896726338204	0.07425003320000537	-1.4543034081590251	-0.03811037961006141	-40.65789873925611	231.43919979923822	974.4361859105215	870.9666335636564	-0.013964416783908792	-0.31517501823286254	12.90391518025693
-23.630084568270817	-45.37958411500453	771.4635590864757	6.062550749117481	-6.179871989601049	12.671613897463288	257.79358396217805	0.2771740541034983	22.387201608852465	-3.5269676616680496	10.456734137136415	0.13716410091539646	-0.2550283047884174	-0.05566512065209619	-49.9116323033871	230.94921858809153	715.8129919557882	800.398235352228	-0.009022804330212452	-0.41721509990206024	16.815076938750522
-23.62724030811884	-45.37844470402718	781.0460665454348	6.9504626906076545	1.9099842060879713	4.434265810091887	255.16387762955137	0.41282133674722693	27.877286452775508	-3.170819871255458	11.286126779789821	0.13910914326364765	0.804976337779046	-0.0798870745143834	-55.896653058958144	229.92774056986116	513.3284810617556	759.2111242966497	-0.004496785286091563	-0.49255722908546684	21.719910616811653
-23.625778176344216	-45.377370878312064	801.6324824700023	8.817313998807608	7.903642417240819	-1.449878912032517	254.10623168382148	0.5007366341367386	31.12858817345121	-2.956715352192229	11.687892873194848	0.06223697044802108	1.5901275351568354	-0.09954889892813909	-59.27901192609188	227.63213875750756	402.2551822946625	751.9039703865344	-0.005520595479908485	-0.5295638170958527	25.795199162035132
