LAT(deg)	LON(deg)	ALT(m)	Phi(deg)	Theta(deg)	Psi(deg)	Vx(m/s)	Vy(m/s)	Vz(m/s)	P(deg/s)	Q(deg/s)	R(deg/s)	Nx(m/s2)	Ny(m/s2)	Nz(m/s2)	Radial(deg)	Distance(m)	DeltaAlt:Anv-Tgt(m)	JX	JY	Throttle
-23.68696474613423	-45.37620151222381	192.50993402267704	-16.783206772268255	3.9389480069063394	337.9120718490982	233.11608410198133	-0.14118443206393333	11.952454438401224	-19.875955939086158	7.621782528717935	-2.2959885946761975	2.32186210685975	0.08566564743365032	-31.01336571656621	182.4107042609305	6737.165882914662	180.71527379235522	0.13315466061990655	-0.37231516333722287	48.47766154930808
-23.69132757143717	-45.37354972352497	-169.03309348054904	-48.146148596211376	13.553906869975204	363.07961609802703	230.12760920557184	-0.6189003253568698	25.476405752181723	-17.611610862559836	12.723579136309345	-3.1943082090922243	4.270317230409038	0.2529424011995274	-50.89810746854669	173.7720762494289	7138.176613484497	-195.48669905040288	0.09602933315893318	-0.5843903089020311	55.23872747256356
-23.686865332131493	-45.37397274009565	-57.24922578954147	-62.9768657544288	23.652094321199456	355.04503604011757	226.04784058202495	-0.6783762645057936	31.527731387510347	-8.812861874843147	12.950085973967965	-2.752327201866595	6.339285648481068	0.2790182605004976	-58.41563198480886	176.25106189023626	6652.483952150722	-87.66293127965719	0.027540020411011355	-0.6268073943512971	66.78587947086508
-23.682558647435577	-45.37549824730035	156.68192513880467	-63.19573596334148	27.259125788610838	345.48647201050517	224.7996080175231	-0.6201814830832925	25.801755131221192	3.6343921917849493	9.137424092539353	-1.5972225965456481	7.213868566715867	0.2217378987521856	-49.081255766020675	178.52722126465463	6246.661298977206	123.19687033674404	-0.03687120310278967	-0.454418006372747	77.90030540724914
-23.680148677100476	-45.376821514149164	316.06738740502806	-50.22382405233445	27.759408781941268	344.3701367907687	226.2063760467962	-0.5756911483525239	15.170835556397787	10.824840476369161	4.720660226704037	-0.6457666528436904	7.0755248774894	0.15156015833827347	-31.903460676012166	179.57083201934825	6033.724150424951	258.7550967846619	-0.06696514040258164	-0.24502457945345504	83.57346015952962
-23.67864598004629	-45.37871169558177	447.64879486183474	-36.10302204931004	27.673250727955892	336.5291501192281	226.81182100895282	-0.45623577826358225	6.773173893455505	9.78519944883339	2.1567011384926	-0.3525911723506922	6.624011651985133	0.09990563974036484	-18.75308944990128	182.3378067033743	5797.604824218727	382.0671238064085	-0.05647058391728862	-0.10070436585344786	84.09064341421183
-23.677354078988866	-45.38050390963667	581.0210627928435	-25.30475109564178	27.818087437842877	329.83831859031227	226.5467884023367	-0.3832352299399236	2.28299447779783	7.304570895429596	1.1116975132773481	-0.3412699385695853	6.109250811373208	0.06063727513557603	-11.435983731751477	184.75909391413626	5580.008512510528	518.4417848815524	-0.04131891323674595	-0.03009284333731624	82.225965619997
-23.675952926879777	-45.38203038874592	719.4783281287358	-17.385948995657177	27.905021771362623	326.96817038083793	226.1663413656105	-0.39018457377551874	0.4246279162794657	6.202634934108223	0.7092028846433891	-0.376646517058227	5.6513039077602745	0.046567158527321115	-8.14621457922414	186.73922512493127	5402.183681896398	658.4678830306763	-0.033297806517706516	-0.009378837829078529	80.2484217163849
-23.674402082866422	-45.38339090224539	863.9080215511824	-11.45695796444381	27.882177614660392	325.91498027347274	226.0979094233639	-0.4267947862982911	-0.18298192517072032	6.022176919475306	0.5170833460389961	-0.3995322411990227	5.297349476939264	0.05356925170058524	-7.2541903278972555	188.66213982923614	5246.955037071009	796.3728190618772	-0.027287050267850915	-0.01601383854440705	78.97311231693293
-23.672768865069965	-45.384707464757234	1003.3548318938142	-7.445561977096851	27.819343844025674	325.2188942100242	226.45803740282508	-0.44052966181743886	-0.30338474222968514	5.753071143123783	0.40281455849990166	-0.42160510004082435	5.045657354648672	0.0638898033890496	-7.663729816189438	190.7043292894923	5100.904792559313	933.4980384252776	-0.01933801230326531	-0.0342129980772331	78.34784374141296
-23.67114131654214	-45.386133944461406	1130.17070419185	-5.788800778496281	27.6201585924028	323.5899826229093	227.09186454020897	-0.40831482926489315	-0.35073424527586816	4.802515463386513	0.28413893261494216	-0.4598672919340589	4.878753086116966	0.05965928049909244	-8.458366439707401	192.88069871280052	4958.964563757974	1073.4706995441265	-0.008349419952174674	-0.052509192020918416	78.07769854171968
-23.669639946360306	-45.38767748077129	1247.6502653487416	-6.6203894589251	27.248320695438775	320.79358507653774	227.76187687020305	-0.3273950636208475	-0.5368019057202709	2.98977751158206	0.06798209394219601	-0.5157981831031508	4.761747408550122	0.029789908364271242	-8.935118616006925	194.98333118422835	4841.294147459019	1216.5839561266146	0.005015515926832264	-0.06444409127681477	77.82694209562891
-23.66827963452481	-45.388969290417926	1369.0606430532973	-9.038675379953371	27.075187923449203	319.68253579795953	228.36773435187865	-0.20237424405244642	-0.7674012632266436	0.1641407186090985	-0.29505166395341664	-0.5723888505187329	4.611011596536589	-0.023362841085705327	-8.709886738153001	196.62032355594556	4784.560675410419	1352.9716064798886	0.017423985334022583	-0.06644868589373254	77.04439102469289
-23.66680492098895	-45.38993094523991	1512.9480316139511	-11.052192550043614	27.8132308296577	319.45200816031297	228.41175091283486	-0.10081178853276068	-0.4683973737442422	-2.095773022384561	-0.603675764377309	-0.5698116252075324	4.419451363795123	-0.06829135871102979	-8.04190012427592	198.0329990482289	4767.229774529431	1489.2573724953122	0.021885388262311442	-0.059663359329123394	75.55808676605147
-23.665005100723576	-45.391061593788436	1680.5469574227761	-10.507382633087062	29.450260778369483	314.8722620071268	227.23642584124983	-0.11928812805788747	0.8490078311759977	-1.0178806561463332	-0.5083521646552454	-0.43801549507320864	4.277413865791699	-0.0626229314046099	-7.39002178813044	199.8784544707756	4736.952872687287	1641.095154218517	0.01085094445761932	-0.05059115016546431	73.8377588212776
-23.663296824194433	-45.39262197527439	1839.3708508977859	-7.175057176915715	30.87845956656212	310.11059699048013	225.57663821072208	-0.34609896423612013	2.5583519133844206	5.307220622028677	0.04591554710540002	-0.10265343581362356	4.250882807976448	0.03390371638819815	-6.433088359283303	201.6732410597507	4715.759051747342	1780.3234167067906	-0.02805976120752816	-0.03283127005985109	72.2951321743394
-23.66188381858777	-45.3943762873072	1977.5852097330344	4.617328551671223	32.14667895892177	314.9909936726972	225.1107881891427	-1.0434596413063617	3.551587471332134	23.437719493839904	1.2456440228082726	0.7331660811754629	4.272781999537775	0.29833503511036435	-6.4152911509217	204.3172183269562	4535.247890357175	1949.365342321927	-0.12490116330125173	-0.018385907457781597	71.21762364513741
-23.661372016004	-45.39583211161184	2047.9729779828444	43.48814280754824	31.992667492457063	321.99532864807793	225.21292656547752	-1.8905640155509702	5.354548474308007	46.21683160665477	3.3591487156150315	1.9976053786884536	3.717721162322548	0.5244760923831182	-11.052176283043986	208.44034004525787	4275.994097950507	2120.734178620656	-0.2305705823735813	-0.11507664852956453	70.44450986443836
-23.660427366015025	-45.397318295528144	2205.55558044172	98.15344818975709	24.36273859829308	340.8233881130391	221.00309464718714	-0.871780826425745	15.342402476372087	28.849225068905206	8.409501792946726	2.135588213448204	3.5793124084127266	0.21750189398001743	-23.319201724858274	210.32689732442557	4238.1990198331905	2215.6652228953462	-0.13041010150497756	-0.3937448871944911	60.647252894002506
-23.65875250021535	-45.397994606766424	2307.490715469045	133.02636108556155	12.71340254383788	332.7107646691117	215.85200659044978	0.31333959906001235	25.322914639110113	3.60612647769985	12.95769996689948	1.7092142704772804	4.172120195084096	-0.06263529137086857	-35.68571606396446	212.7368792738749	4279.725630395032	2251.6235445371794	0.0015441024130945593	-0.6157772997332891	56.04087841454558
-23.656962588492117	-45.39924438279414	2263.2580536677847	139.19480542759288	0.13132437469863412	277.0696349692421	212.1458427977866	0.4298926109445584	30.003963942129275	-4.014565206163013	14.129106817347889	1.5315139033307337	4.544104081420263	-0.07847033240075818	-41.342774659433175	216.29691609854643	4180.607517837806	2317.1056654148556	0.03627386339996818	-0.6881980315894495	56.315828238638765
-23.65484909060999	-45.39992118524771	2215.606461871129	132.85371527181758	-11.577156626881372	209.7628442560379	209.01257550097145	0.2941935726659743	32.77312351513899	-7.276501289523872	14.273356792676413	1.258314507843075	4.668108140649604	-0.037128156093015036	-43.78113770209775	218.25431018248545	4101.058928078547	2335.7481493720607	0.0493323235668126	-0.6896448324858295	55.138764214340895
-23.65270856632993	-45.399660205566896	2130.029297761197	116.19900630216212	-19.327953291552173	149.81328664059856	207.67866112379525	0.2265431239023764	33.52243033745643	-10.467239563949963	13.980422374592962	0.8226246429796608	4.298451243537288	-0.016688338480863693	-45.32922944280055	220.61908523656874	3928.681282288742	2249.7647678373737	0.07031789324344	-0.622075887828589	51.855005190362775
-23.65086400829947	-45.399133026290855	2037.1562991120843	95.34217483288683	-23.611344104483255	99.05272196502104	208.8276127769279	0.2227648173129267	31.138108930077927	-13.16369882377632	12.831896765316696	0.2693231427136786	3.8099606594158355	-0.03498224757022237	-43.98556232706273	224.39092216789655	3661.8480765772724	2102.60670604206	0.08571623406067404	-0.5308980360791699	47.317113208564905
-23.648690609162347	-45.39868266707267	1979.8364446222554	75.39863050947278	-25.552946356286682	61.884433117437	213.07612685339097	0.22122178285223532	25.066593934079386	-16.254060096985796	9.728317785958899	-0.3770010307663252	3.456507576628084	-0.041841831943526135	-37.58029000284948	227.06145256241695	3392.662539669873	1989.2688847109216	0.09817804502984478	-0.43778944451429735	44.50133175189057
-23.646559910429563	-45.39793238482527	1905.9475909427797	55.146186176739164	-26.090296323452947	47.777838581587815	218.6461266609428	0.1532928510094151	17.111920068040842	-19.019416387833147	5.286256861221868	-0.9539788311606785	2.8829683182726824	-0.014346755850675415	-27.923276818743425	227.60129564997345	3175.820400113199	1897.9386403243373	0.10854237201147564	-0.32121916387248506	42.32930782136371
-23.644772533905602	-45.39646193834441	1790.0356726652494	36.123299411264284	-27.00713480380349	44.30413353024554	224.35109786117192	0.024710950852207647	10.953959158622123	-16.963678396416793	1.7822398474701178	-1.080340536715578	1.9375770998827384	0.02457912200984602	-20.163365731570877	226.4613147478596	2942.7079304348003	1775.3719318820404	0.08973516719511439	-0.2136488748298357	38.083722411867726
-23.641992648497588	-45.39443536446797	1656.6238869304145	24.509972322140555	-28.128366638548925	52.736202895888965	230.65822843303835	-0.1136709713585724	6.634137288110836	-11.916001489824202	-0.5184982174018833	-0.8656090990621437	0.6354559873468539	0.040803397932996935	-13.38229528440136	223.46522380833466	2645.7648841217306	1629.522077384036	0.05337240117344432	-0.12298735262908053	31.071466740994254
-23.639799697598363	-45.39242094791955	1555.4702484719733	17.0567361143251	-28.216721907632554	56.12575374388709	236.1171879219244	-0.17070469753962814	3.331755560285382	-6.332539769735055	-1.254142845004976	-0.48171997279026285	-0.5246401897714481	0.03338591569456753	-7.710496084178477	223.18312773694092	2369.0088539331755	1489.9768525107218	0.018548297102632828	-0.055910195629967824	22.379533448583032
-23.639569476357668	-45.3908090672713	1466.0517778399214	10.64771363115813	-27.860467934500164	49.11809401252302	240.0943804198613	-0.16481404450607676	1.0346657738620184	-2.316503795643429	-0.7519163241409554	-0.1634674699596858	-1.2964629942449797	0.02376730671695975	-4.322335955666436	225.51364252773178	2182.5191679780273	1381.7567567656215	-0.00291341134655423	-0.024146182036269476	14.12242377204415
-23.640149863289885	-45.3894321521306	1367.5973643739699	5.415663627765637	-28.6054420148171	37.11175203987057	243.17405659329086	-0.1800728487165942	-0.08758384811706676	-0.07673557909769402	0.09492444641294195	-0.09257088473626392	-1.929181817711486	0.02957503536287083	-3.9355091506155837	227.21298442138857	2068.758710470409	1269.8580654558552	-0.0112676415004343	-0.026975494157538	8.270987148958348
-23.640694255280643	-45.388119963001294	1261.7462019770826	-0.1135951563719182	-30.372272183706734	21.43041839667478	246.36568421771597	-0.20406375809522875	-0.413299900636801	1.4371389311503369	0.9974607173051928	-0.2175692484569125	-2.5751536585671975	0.043775448480021684	-6.337778430423068	227.94972108453476	1983.5768961478216	1138.6555969397862	-0.013923647766598313	-0.055084361638320534	4.4970789697076725
-23.64103590870438	-45.38663354826392	1168.1780119627358	-3.957128256961635	-28.520054257479515	7.629970758608522	249.18622426466507	-0.15325434599710522	1.7365242507168492	2.4790037794265216	2.2755819830086628	-0.24944716276316714	-2.785866830110513	0.01298734085541817	-11.654424967775343	227.92109561973413	1887.022989604895	1055.0676422809534	-0.015502102599555319	-0.11161322161584766	2.9642709864527816
-23.640300329987227	-45.38463182587168	1079.8250621151237	-6.354720970336068	-22.425470171632856	-1.7662273395667114	251.12329836030705	0.007370440840628004	6.7904972226073905	3.139950980452128	4.122230201699427	-0.1352248918317534	-2.508513123933727	-0.06551769636247085	-20.331297931555557	227.6884046565454	1711.9741169224549	999.8581105114392	-0.011467610869028678	-0.20453321431355503	2.7794751209791073
-23.637654208787232	-45.382567376789495	971.9347780409742	-5.15790985366079	-14.221019635951542	-0.296937708064803	249.41093347845234	0.04240725059404381	13.863563293393053	2.5206031002694407	6.50908147599469	0.08672806172240696	-1.7157383775118173	-0.08774070089527994	-31.10943455843179	229.25212478838188	1369.6871815309	912.6054395166118	-0.00883359262497353	-0.3172169235222711	4.018250987343421
-23.634689913216818	-45.38103168288223	846.5624255203527	-3.66245024016456	-4.930005849700957	1.8829406566557907	244.73644644064447	0.01490952778957641	21.10788979295049	1.0019449079685792	8.962503656570075	0.23121419772926127	-0.6696528757877234	-0.06868522187912926	-42.059350329284534	231.7291165366778	967.882226027511	816.8925186941551	-0.009378917862975102	-0.43345899022688894	6.400598968408552
-23.632909649941567	-45.37997339711396	766.3588027796791	-4.060289002018905	2.858508614686976	3.426081956505527	240.55083612871286	0.029183371190969185	26.207093532864288	-0.5583231307078801	10.66311755210926	0.17276213602577245	0.17323412769320878	-0.05305130551380508	-49.7395778788496	232.048520640661	749.657075291911	759.3048790862939	-0.009827730614175832	-0.510438656330494	8.628065063697555
-23.632160497184323	-45.37921711802999	738.2129269667216	-4.363541921052413	8.102908998728207	3.2865937130748932	238.09232591666174	0.05808845752275675	29.08813634433063	-1.7766152322501236	11.6112432600519	0.052544813818741244	0.7370027391584926	-0.04533609106497976	-54.019109267590366	230.9481620633743	662.9567741013147	733.7429796706849	-0.010749738360092052	-0.5491519368175037	10.387837919207513
-23.63184318334656	-45.37864107385901	731.2000367031134	-4.59734313677756	11.481446174929246	2.8106233299277505	237.0440966523095	0.0801272075362174	30.71517976677723	-2.5509187966831233	12.11256929101469	-0.054057417163738866	1.1055226201172537	-0.04047663294770228	-56.252178194469415	229.45673178878673	642.2164707087813	724.7872773774743	-0.011719129015838084	-0.5671018530593764	12.011232311329117
