LAT(deg)	LON(deg)	ALT(m)	Phi(deg)	Theta(deg)	Psi(deg)	Vx(m/s)	Vy(m/s)	Vz(m/s)	P(deg/s)	Q(deg/s)	R(deg/s)	Nx(m/s2)	Ny(m/s2)	Nz(m/s2)	Radial(deg)	Distance(m)	DeltaAlt:Anv-Tgt(m)	JX	JY	Throttle
-23.68301600538313	-45.37802580263772	328.0993587367734	-9.399632052577545	3.569195893777928	332.1299087560714	234.0392416618099	0.04902824390055584	11.236124016901234	-17.779084856159646	7.131307455596042	-1.9399165290544904	2.9022421847301185	0.023590588175123862	-29.371669273311202	186.74102307050268	6456.988910459532	293.6214791102466	0.11619357344483042	-0.34860058155562906	53.58819257103054
-23.68775252352873	-45.37555749889267	-18.412664103852876	-38.9616008396076	11.31576658390263	360.57190837625024	231.50568918133627	-0.36356816131734043	22.772722903119742	-14.750554357999604	11.60051299766809	-2.851618822845201	4.998894405536968	0.16328104005627408	-47.063073289401174	178.9316292695702	6944.778184863926	-64.7632439135059	0.08106367388206322	-0.5367512623910894	60.51569182421427
-23.68512541246761	-45.3757203528039	19.521627724841892	-54.35165520051598	20.108987005502865	354.55012717352133	227.45528539300574	-0.42674576611092796	29.746764814978434	-6.520585830680858	12.643843791118904	-2.740088159909505	6.958420537663016	0.18883969607689954	-55.39686694176472	178.57462983241655	6565.544576214686	11.938893419730675	0.01642793350491637	-0.6021883162156206	70.91207796605534
-23.681768561345923	-45.37678979266814	213.8412285511456	-55.96581214749902	24.3321825007831	338.611036562031	225.25478559212735	-0.4030414190646182	25.858996049955664	4.850023921805179	9.376200423200196	-1.7739832766312067	7.508258364912686	0.13882430053514272	-48.04377512863052	179.7392643018979	6130.162555922028	256.7806465133324	-0.05139987662103779	-0.4576215083782409	80.30163693263002
-23.679952567667197	-45.37751425603795	372.48705192227476	-46.88502404449392	26.180154073256798	329.28468359081614	226.07593612641372	-0.46115004599486	15.598862676748567	11.16768709937055	4.990250900532368	-0.8323333671028436	7.0039606262845755	0.08665926879068976	-31.787250958091327	180.44044718715423	5992.628961108292	386.02530383336693	-0.07757220992174363	-0.24925871223630508	84.58196137694381
-23.678407255948258	-45.37874594531786	500.25515130096744	-33.80468466345678	27.667441345082096	324.2980293907939	226.76604434737564	-0.3705525334053378	6.9327764969036245	9.542459269093857	2.163803811663886	-0.467089407688775	6.3904447876936	0.046254908279077744	-18.578019160951424	183.60277659787994	5812.70834538803	477.4621422960614	-0.06256356995112804	-0.10501684802818045	84.24525289038341
-23.676863978976044	-45.38029891496644	619.4960445730785	-23.073908533656546	28.752339109598335	321.65122902946297	226.2332246690072	-0.274213776471847	2.4191491092992408	6.784330740752285	1.016031821913356	-0.42691740697638686	5.870907713225412	0.032109616046934554	-11.839455407931885	186.534852466475	5636.500943398031	593.6516851448034	-0.043126488909363804	-0.03897036711164534	82.44449600987177
-23.67524338371941	-45.38187943277096	748.1026973497621	-14.420864581122583	29.29828947623018	320.90964852021773	225.31783605338558	-0.2748778850249926	0.6085353916553498	5.467130036076983	0.593742774776346	-0.4497812206609158	5.430464270679774	0.04609947789961994	-9.034771343061868	188.62776438091814	5512.348082648576	736.8892848170128	-0.03143373413740319	-0.020420297287925604	80.71703774369931
-23.673511240217607	-45.38340866619456	889.8698587405338	-7.509495046825812	29.500258265836614	320.7074612709149	224.56731687184546	-0.3181874021165583	-0.05747676692223358	4.811383828592467	0.4252770009775695	-0.44169177917916497	5.081529971723084	0.07013033334803054	-8.19507134990889	190.53910365213702	5399.266142037541	889.0882664667884	-0.022318629644054788	-0.02389472243471255	79.55863633115183
-23.67174038320215	-45.384863285517994	1033.3166067894708	-2.473414924914188	29.678376278072932	320.84799323521116	224.2118628997966	-0.3457068027372152	-0.23235052370714548	3.9255474061512596	0.3871477792130644	-0.3944304198714298	4.838214847222606	0.08648618451300949	-8.368925282891588	192.60611085152124	5273.289896497969	1040.8626517132072	-0.013058726636852005	-0.03620707771677628	78.95884145877557
-23.67003784181473	-45.386299746165676	1168.2380286273524	0.8001991432402669	29.886642055809816	321.0289272975322	224.22825027670297	-0.3292981120205336	-0.1236740839703181	2.29985369164124	0.40128805180015803	-0.33237625074353916	4.694245366505447	0.08426833579558453	-8.924508965633086	194.8516813198412	5129.166946319428	1186.7956515904662	-0.004200476368037059	-0.049180060198583064	78.7901892674904
-23.668603357919324	-45.387673401929966	1297.4999599873945	1.9154936357951478	29.937824154820728	322.3834749706437	224.57967060896604	-0.2444208558725386	0.07798437343171649	-0.6465957693437977	0.27668744230185993	-0.28957366928610206	4.577452333684322	0.049071271133806216	-9.068973643290597	196.91631729645783	4997.560749263637	1319.1901238617738	0.004873299943932553	-0.0544373155900201	78.7508567257162
-23.66762903628325	-45.38884674015806	1432.4921228938913	0.45633722221468176	29.58928810538267	326.41934154758604	225.16159155451794	-0.08472971145704208	0.18456599163346254	-5.010392754899549	-0.15138917012686548	-0.2823657290283079	4.388808969959642	-0.024994634082214952	-8.123272592513405	198.4102975291975	4931.032767827923	1433.3989367881734	0.015024460516346481	-0.047100077693166736	78.42440105564633
-23.666677920797675	-45.390220251251925	1573.5606431111496	-0.6722700563025974	29.127594730523896	325.69034460845484	225.2292728464923	0.03159409927923766	0.6922206423633082	-7.468441452461424	-0.45845768060834313	-0.22885436471356801	4.228411916624461	-0.07984684421146326	-7.114068448434455	200.3369848740809	4868.987800103677	1543.0375437005237	0.017783187719842997	-0.03922056025000023	78.02120759998009
-23.665550453102238	-45.39182971517102	1721.3000126007012	-0.6404778555400057	29.261964380330856	319.0669088293066	224.35050379144852	-0.010376573613566545	1.6253456630353416	-5.039889093559496	-0.4327902647882276	-0.08208846783203479	4.148333245196592	-0.06254381330053554	-6.447503050476897	202.87467317300133	4804.044335703759	1656.2847500675243	0.005126910632564605	-0.032763047686837576	77.02903393323746
-23.66517024771077	-45.393558679491946	1876.358515334625	0.18100278351711196	30.586569487308502	316.86865592708847	222.7983962402009	-0.36572134581382804	1.916576871852378	4.990682309133549	-0.27321451119319473	0.26540735900939355	4.178622405673252	0.07491396249056032	-5.49243896869508	204.96681520132535	4807.695659088666	1759.8081168299993	-0.03838367849721202	-0.014066668035306734	74.63819017763102
-23.66419402150575	-45.39487964214001	2027.6802657359037	17.30851230203648	33.8642250995695	316.855575747853	221.53591276495212	-1.2985604058540372	1.0481282704015875	27.703817967421234	0.6011964463326285	1.3230546652819346	4.155803132367547	0.3812936608366378	-6.28717685821222	206.78227187553392	4837.096574504227	1900.0451232580454	-0.14197169291163614	-0.025678369214848118	73.3917425757791
-23.66045338379653	-45.39627557476872	2139.3443000865636	52.59878291456478	33.72511999503071	325.0782528233791	221.24882414940154	-1.9338828525300098	3.1147677600594683	48.382242197590635	2.9235444511314768	2.5226695732273625	3.766087500820339	0.5602362940231638	-9.89920351955476	210.7565335806185	4451.3684124238725	2103.106998238677	-0.23499053798587888	-0.10807698973200475	73.51026458959046
-23.66026682282528	-45.39758682889728	2249.8053612916015	101.6807492391344	26.853418770690535	359.3647610240992	217.04552595766643	-0.8800414905326785	12.254982976712677	34.11891548334576	8.119550952020882	2.6921953827681016	3.53410517724856	0.20732916739850665	-19.37704630572118	211.5820904761474	4117.902765913482	2098.288546020734	-0.14286855364668644	-0.3369423211894243	65.38033061384687
-23.659177451867436	-45.39789166708692	2351.7423362166755	132.93247091087935	17.52511140877472	342.9092221775032	213.610893644697	0.23692559958588516	22.72216899270255	8.655615846509798	12.366865167046344	2.101904707060745	3.9952640605314427	-0.028871510681975132	-32.278548772997176	213.8488913982304	4331.061394965841	2201.667920785462	-0.011555997222341937	-0.5606813845448726	59.13017613976927
-23.657155105750483	-45.39900419856262	2353.7707034916057	141.05710069337889	6.298396833958345	291.7174829449635	212.0770201844697	0.45654472946513697	28.055520054602415	-0.036544436487434995	13.954033694354582	1.78773250578403	4.470491924453487	-0.04014012145504494	-38.85713319889866	217.42761269041034	4278.801544406568	2302.0650612857394	0.02462872019943233	-0.6511204549837931	57.98152188338393
-23.655618438829723	-45.399615264379456	2319.6061221639293	139.98967550914546	-4.151743736287282	235.24839220856126	211.1764084029666	0.42195511696172244	30.791905395406495	-3.1962457621138545	14.457583866300709	1.5668021138552675	4.776856931003166	0.00032229107043045546	-41.79698409313367	218.94163975147794	4230.188359931966	2346.381478432356	0.03355459281151873	-0.6784522972981742	57.487117179320585
-23.65341000605395	-45.4001180071981	2285.543695159099	130.7748453351495	-13.493080329463044	164.94746224563787	210.91510928006755	0.3296440764894849	32.07964033884318	-6.961602198931191	13.843858373221565	1.3909457610165488	4.9033482800944	0.0379059613966217	-43.69934969407053	219.6984510462341	4084.0152920634946	2365.6594470729515	0.04566351937238317	-0.669486571027421	58.34248844522781
-23.651017181021754	-45.400646591951386	2244.221591605633	115.32813656179962	-20.65369215553763	88.7001472868725	212.17180083561362	0.21802368162116548	31.290646692100847	-10.607899331676062	12.515444183046586	1.1055250034788735	4.972283376138674	0.04732312127173727	-44.10424840605547	222.3380814026905	3804.024740987251	2317.0989457882943	0.061958009960044566	-0.6410133454162182	58.92625882261755
-23.64933744009021	-45.40088533461637	2141.456102724633	97.19140421651024	-24.52324072051479	31.63726775751013	215.18395073701416	0.03837515257530273	28.227936301953285	-12.731766852976431	10.47764098967167	0.7069786028173178	4.940767831519745	0.048524020426436165	-41.767572722245454	226.3359140021006	3489.5389901280223	2197.6415845462366	0.08171821481530413	-0.5761611642951624	57.88170930172376
-23.647931421736892	-45.40044715352767	2013.386980075095	78.30102137808419	-26.088432654281796	8.92056527738825	219.58745562755203	-0.10104339227539522	22.91056024704907	-14.936638873773385	7.55304755652762	0.25456638727544934	4.587866819482276	0.040543581328726354	-36.48997761331252	228.84346155734963	3223.8955370411086	2075.612686215525	0.09999404082942943	-0.4680934926599106	55.99509231898403
-23.646616384584487	-45.398787843285504	1910.4718195119926	57.053424607165155	-26.19651350043535	25.850071236437714	225.3743319800422	0.03592293283215013	15.931272114515666	-19.419132636448186	4.258142193124174	-0.2267924771223147	3.522741780550582	-0.030778239090143072	-28.42812041601083	228.52672259654406	3028.8081643638975	1949.5127741285091	0.11481689997949328	-0.3241080747522008	53.64639543687861
-23.64581993076227	-45.39679186610729	1797.4140626164724	33.91550732091345	-26.5678503306479	39.297303532522136	232.18527184712528	0.16981887547826902	9.937657297957635	-20.22605379135471	1.5160792808201822	-0.3378713237184801	2.3417595065413006	-0.07267219257371052	-20.39415734557517	228.2165491821955	2803.6951770661567	1778.6114318491323	0.1013229528443132	-0.18715695591022424	49.75744187139441
-23.64327468427476	-45.39482136646217	1696.614264493606	19.679112528591048	-26.836383220674648	42.09457645768421	239.51053420982046	0.14793982234186243	5.253430689520346	-15.71554485678251	-0.4194206981319404	-0.15308112440764682	1.184997623548214	-0.07100817058480591	-13.14789010379415	227.34829505124327	2560.5335989210826	1626.959739784127	0.054798634637578274	-0.07753885419388848	44.04141921144093
-23.639682629606035	-45.39282918141595	1634.0745400943372	14.343164509546519	-26.319695152328826	37.9188344505385	246.4135239970892	0.11883579877563037	1.4551477902400762	-8.815473587345235	-1.344727693874181	0.18615217150464913	0.10381225698126428	-0.0850893136075653	-6.883037637156235	226.75717344385913	2312.145287964655	1496.748776165878	-0.0004249006594503964	0.006134669835959589	36.54195555774382
-23.63812076387364	-45.391330655464635	1529.8825304912127	9.839788511190925	-25.91593107682692	29.012730635611575	250.88673584291402	0.10138633080685498	-0.6516241118328505	-3.7433315467131982	-1.043024314584609	0.35622733680082175	-0.7405405857842693	-0.08872340323795619	-3.8555392746655883	227.97442496260305	2096.059390470722	1398.2972675384922	-0.027212775601539972	0.03551873244924983	29.001739427208886
-23.63770643883272	-45.3901184075339	1391.8465367434515	5.254960951202712	-26.76661079732326	21.083919903489573	253.5681335242941	0.09836046593780419	-1.3900192096473436	-1.0173795717709324	-0.03563968199523693	0.2826812912172967	-1.4805136604285023	-0.07597203506442265	-4.337206925844839	229.80758140474805	1943.8047940803865	1293.0242980089472	-0.02887413467410958	0.019336148941792114	22.44451675974389
-23.637172707827386	-45.38877884706109	1249.8622124213553	-0.5978769404603206	-28.12454058257798	12.328818929930378	256.4082424984371	0.1557350730550956	-1.0151888386785863	0.4996411237246425	1.0555752163527843	0.02194424122732709	-2.2233371143059193	-0.07606002263016415	-8.43496701003485	230.95713060777834	1862.379247641354	1152.421571905512	-0.020275013716621493	-0.02771277570898162	17.810863437873245
-23.636450606954686	-45.386979324988175	1116.6485756745312	-6.128603801245362	-25.419632685961933	7.534958491420213	259.56731801514553	0.32028903972560724	2.0983209736946957	1.3171739136183418	2.5085714754588575	-0.19888139725202153	-2.5765410582914186	-0.12860923810498395	-16.615209980262748	231.14289360279454	1727.5340535148712	1027.1293149336375	-0.009107871247346994	-0.11424048286442717	14.792118948943056
-23.634837523322147	-45.38475410063745	986.200665224434	-6.141349375775778	-19.635309132627377	16.16833131047221	260.67151780298394	0.3388947305136541	7.8987718022907965	0.7430683964334746	4.833647968407443	-0.23475465484439462	-2.215964204169575	-0.140843510398314	-27.344449679247656	231.658731866231	1399.8519976807006	912.1147867842886	-0.00529067912848035	-0.22303924121302593	12.379039759366783
-23.63267368623991	-45.3825055418057	883.8881911674575	-0.8137993181956134	-13.140371216632122	23.86523399993186	259.3435108301677	0.1629048261775753	15.131157101693635	-0.3535414728026737	7.753792094286909	-0.07811582428374896	-1.1590609882824499	-0.10353356946969464	-38.82274233439559	232.47466286833068	961.8012408573409	817.5343230263356	-0.00828462801671292	-0.3346104958106926	11.573769727412888
-23.63073150898717	-45.380842175528635	837.5216479551399	1.1910945698595867	-6.1230121312212065	24.74162284291981	256.67549688420274	0.07875556217504746	21.21324943192344	-0.8768695771983631	9.883785895067053	0.014872704609735846	-0.13316958796243794	-0.07838547733913728	-47.40783862150535	231.8064758590172	701.5144592583615	775.5308173413085	-0.009623837489473238	-0.41487337611356545	12.967968893642329
-23.628638158208314	-45.37987508087314	828.7010981509258	-0.28731199876099467	1.6513735595316277	18.12091420538829	252.88242308392915	0.13842772731842334	25.813802746396693	-0.847423623055502	10.867583290768422	0.05525223112422171	0.6716215271545609	-0.07503199742786887	-53.035208819559344	231.05225225543873	533.070466274844	761.2759695443427	-0.008215784543663422	-0.47380394190979314	16.45152589078365
-23.627341146235164	-45.37898935252322	832.6988359794875	-1.930693680642463	8.24102842270216	12.380668289062186	250.04037688067055	0.2001204682736571	29.001778362798042	-1.0810198756925535	11.279423819435006	0.03761396654554177	1.2952325780203808	-0.08110456251590378	-56.685298692846466	229.41560146690077	437.12138778921326	771.112782870434	-0.0073092479644001375	-0.506824253671906	20.348032012553467
