LAT(deg)	LON(deg)	ALT(m)	Phi(deg)	Theta(deg)	Psi(deg)	Vx(m/s)	Vy(m/s)	Vz(m/s)	P(deg/s)	Q(deg/s)	R(deg/s)	Nx(m/s2)	Ny(m/s2)	Nz(m/s2)	Radial(deg)	Distance(m)	DeltaAlt:Anv-Tgt(m)	JX	JY	Throttle
-23.68311523745065	-45.378222139387695	395.82327502826263	-7.911534509814658	3.2900611417577963	318.42806748849694	232.65631880020382	-0.07170495840950519	11.122454889280604	-18.191163946830024	6.803252113661965	-1.803684257665176	2.841777590925865	0.04808399981011979	-27.810765637746652	186.6651810129827	6257.669086823541	374.88704283430513	0.11356858445148658	-0.3623010721590376	51.13791329611553
-23.687924172085886	-45.375208829261176	60.330879779665565	-37.759439584513586	12.156520321624456	345.1522540716988	228.7822412993805	-0.5930348053390948	23.08249822464307	-15.714929199395653	11.441594888897976	-2.7505781539167655	4.7736494883545015	0.20537666863013102	-45.65087120778166	177.77781954455997	6756.196439642834	74.90851392782884	0.07879352156744976	-0.5656149919322382	57.837341864305806
-23.68512676338887	-45.375647456453564	97.17283231434021	-52.18378645363208	22.039257670114768	345.02827855048895	223.68486687340157	-0.7150422026934103	30.795382416538928	-7.1593842050552325	12.647714043637473	-2.5246296992201733	6.729132919075651	0.257710573671725	-55.68522129244072	178.55297769554272	6434.3076513198175	158.98880122562514	0.0201089336249182	-0.6324113940362527	69.04550777636904
-23.681620861318592	-45.377175937014535	258.48802733703724	-51.36516689576864	27.86860543644288	334.977221363058	220.97301973738894	-0.6613220323884146	26.70411146420139	4.961390269337402	9.21640072863659	-1.4202476107293414	7.380294844176507	0.22552443393310795	-49.51009748493813	181.8305424425302	5994.896755836468	357.9854221298623	-0.04042803229063236	-0.47629387522090205	78.57320820724141
-23.679367284168215	-45.37799910859491	393.65907530212417	-41.475428521546476	30.713233179194297	325.9137261250132	221.69829251628732	-0.6851107425719888	15.973808231017102	11.840546787692611	4.736472922072467	-0.42518430251418643	7.046068779869822	0.17269945069553494	-32.98231545792929	183.09159869409837	5784.665395225683	453.5349920304303	-0.07047519964739105	-0.26278660556846606	83.00077344792423
-23.677574387897096	-45.37911036792324	515.0523289583367	-30.04221108130405	31.63881265684516	318.3866132525028	223.23044515108114	-0.5407055495652151	6.887071046146676	9.734282098224499	1.7915428497198023	-0.09917884471899367	6.594396224008534	0.10550404215467188	-18.50269122528567	185.58031283568528	5623.871587105134	528.5567427499584	-0.05964289653568228	-0.11180680718187064	82.79382046624202
-23.67590417451549	-45.380535684249146	637.6183974361992	-22.52517484820581	31.718654278318684	314.6511194401673	223.90702346010235	-0.3592326464944466	2.145896060642867	6.465455759602448	0.4782830284498356	-0.14231257715018109	6.172266988923807	0.05677313440256899	-10.676846078842548	187.63282128547274	5518.447490028567	629.3201028978393	-0.04252391756853366	-0.0337249431527534	81.44118419542389
-23.674345597209847	-45.382010129122285	768.7639091176038	-17.366290114732248	31.421095414026013	313.35172904796343	223.95827836008345	-0.27315694964729803	0.3791556220289909	5.0673709951323636	0.007050155760761179	-0.2331983178816724	5.793374905992611	0.04165748189398469	-7.19618353399926	189.02024080594455	5455.987505105526	763.4857667364345	-0.03248017029996362	-0.0019504145816804652	80.29879706250279
-23.67289069683726	-45.38348944103681	898.4741005659101	-13.450819590146953	30.974918655524792	313.2881630804044	223.83223153848752	-0.24066634525552238	-0.09309989264627738	4.6229067384559785	-0.08906269045931126	-0.28302237971979727	5.503273341366253	0.04974849391214545	-5.999403332060247	190.56466943194832	5384.8171267947155	918.0987342306626	-0.024849740562754668	0.005581642016418892	79.64808883503969
-23.671576085245963	-45.384979864692504	1020.9425144708562	-10.298395249242208	30.588448113696113	314.1021643503591	223.65892444160934	-0.2191613464080714	-0.0684267530057241	4.111855201257605	0.010976757062005404	-0.2799363203687519	5.314075487572169	0.061983137630964066	-6.025218014012086	192.5875753301666	5284.94680850162	1080.2968401862122	-0.01691335392540535	0.00029560791511512585	79.41884593746673
-23.670367518882347	-45.38653238147065	1141.6409467412734	-7.605620701857585	30.398747233031717	314.32400553693026	223.35935724066007	-0.18994628909152433	0.14193143127373808	3.0268132375349666	0.18735789889448196	-0.234777291439702	5.204324243722345	0.06372686842472003	-6.5945831844580525	195.07276242683287	5157.66651889601	1238.010695350812	-0.009544832026130745	-0.010168627611437053	79.61643143387313
-23.66920742675217	-45.38810187756925	1271.7677250380616	-5.6726058483858495	30.530394669442614	313.5069572754162	223.0067409659328	-0.1408219610636955	0.427954282438483	1.1526472417183318	0.28228523943514006	-0.17387941980571964	5.112526262793873	0.04590698328390673	-7.105347932734972	197.71313950000672	5027.482971818931	1381.160739888836	-0.003549663195251557	-0.018579026432098578	80.05920259995766
-23.668110284206765	-45.389379029075684	1419.3837713812095	-5.9554508337504295	30.983872045298877	315.2793804815567	222.9735136371119	-0.05899043809032078	0.6991962067672262	-1.7706657180408212	0.07748686118791781	-0.13561530206546452	4.93202222907675	0.0012234476183389034	-6.812689195105325	199.7968756693964	4946.871107478883	1505.3389387736968	0.0028075826243559236	-0.016966602144076803	80.1139467151082
-23.666927412532807	-45.39032020028237	1576.6417318818312	-8.223395696462955	31.651966033001738	319.7256818718085	223.21827036315923	0.007351752650680193	1.1161214903867105	-4.306580063214669	-0.32557489067814416	-0.09906812430094218	4.658927852309505	-0.04989734821499472	-5.84639739116157	201.24729477902102	4916.133546895632	1618.7941535807763	0.007321116553240217	-0.008365317323691307	79.41193694887181
-23.665323778552654	-45.39147584392038	1716.1105809996739	-8.751042462795297	32.05711514674802	320.0965478803649	223.14857901390704	-0.03474659664864249	2.0756390304752372	-3.5064894613675857	-0.4641121900648333	0.04649584671936345	4.459434601945857	-0.06389188197382567	-5.4154709894334125	203.1210188575823	4848.184571410179	1727.2856042455196	0.0006629597607892149	-0.010243282284397609	78.49002452937782
-23.66367303694439	-45.393082137495846	1825.1499212158449	-5.300398370181423	31.530558306980648	319.06885318027406	222.82246594782126	-0.2607592964244163	3.1636907706057453	2.37259133424201	-0.30636395473119826	0.4104648085848421	4.414330424839534	-0.025906752157042523	-5.655879963417284	205.5967452255543	4707.524893182578	1817.8874891101668	-0.025639918173844096	-0.032642950314510144	77.44188090426425
-23.66274712471427	-45.39474176151432	1945.1382129518174	6.309537128232833	31.858665790175063	315.2179103728327	222.0564406101379	-1.0634116564106493	3.169642040613706	20.94712861003042	0.06533588239958377	1.3074942002108747	4.512119942135938	0.18661622675208106	-6.48519960966583	208.5948319194176	4578.786868603146	1904.340204561955	-0.11182973667690572	-0.07641931738730146	75.70664534388243
-23.661254735231118	-45.39620635200708	2016.3603348330175	33.91711219561218	31.28809285380367	316.2102869055669	221.93970538928554	-2.0035113687355843	3.175907374428675	45.96843731781981	1.4777373878436384	2.5328198604487	4.166106903994339	0.4868429038792892	-9.324889118896003	211.72633721324377	4436.620605497028	2065.7239557746907	-0.2309681845351444	-0.11325257491090165	75.08697478573556
-23.661150843426295	-45.398560642175084	2061.689735683785	82.4013728006551	24.028743954699266	343.5379629938066	221.7438517337801	-1.515548785678135	9.233511097432451	42.724640695908114	5.235237264666661	2.8978798856866725	3.3640827367096313	0.39232766495109894	-17.19152816733056	213.35184318857577	4428.802136852203	2266.7180656698965	-0.19845189084565	-0.2613122840934266	69.26441953969015
-23.65798165717301	-45.39894593140586	2264.8251665765983	123.43911323147756	17.282526297866045	357.95577152389933	216.61478795370647	-0.0027425569536332073	20.210891675479733	12.985748209915053	10.618725254035354	2.3223900704714424	3.6826305534499513	0.01995172427282775	-29.084753016221253	213.90637468383147	4425.511754235575	2262.581175574623	-0.0440259629197849	-0.49367234993483633	60.53514314689781
-23.65695317229908	-45.39943762990013	2294.7198252021944	133.44864666013433	8.3450349230915	320.6261772999512	213.56011576917857	0.4736172624524649	26.392549008019902	-0.2565262577038002	13.084238247440794	2.0051395448030274	4.081339732541412	-0.06875007366443725	-36.478760366943604	217.03812511820234	4323.4552215901	2263.9063819272224	0.01694512568063568	-0.604732640788458	59.977444071221704
-23.65489952326101	-45.40073022285973	2301.122589373126	130.84336447613293	-2.5100329266837553	250.78858785599041	211.31720396781847	0.43519255256475914	28.951054666617157	-5.12506308439464	13.625424316647603	1.75047412218619	4.565801914136161	-0.05585286504906082	-39.7246906536421	220.51900533694598	4102.584232716624	2298.7794838793684	0.027964308725772737	-0.6614377974429018	60.340389859098515
-23.652681093589496	-45.401634491078504	2342.067593883604	121.85792795138184	-13.236363640441187	171.35101381483798	209.94439935200603	0.31923819215354154	29.78388173657643	-8.091533661482332	13.25424288831745	1.456065531317299	4.946312221539573	-0.03196736002934855	-40.50353094526501	223.81334605472523	3873.5756595735506	2295.935161950538	0.03472117430925165	-0.6846699650604616	60.37415502958012
-23.650626879794196	-45.40153149726507	2331.915758064664	112.08432111305123	-21.1145239947282	107.80929593173741	210.59113424074468	0.2827890079203196	30.015606622243965	-10.090927958819545	12.429178195714162	1.2426936785178624	5.050688006401949	-0.006169669331789671	-41.568732858936386	225.3731419518978	3724.7379820598626	2268.295737991879	0.04944774194800557	-0.660300646799413	60.11294997259555
-23.648851759848416	-45.400945771140286	2249.5361762513685	99.8749482319738	-26.023847393599393	60.54995181967783	212.41122029777108	0.2664747990758742	29.547774305703463	-11.815536143152968	11.320999041915602	0.9807230445830606	4.837739511657491	-0.0031964396207138125	-42.26660923824954	226.67325254696019	3558.3054770482086	2206.071676049893	0.06810748501546543	-0.5991705343731056	58.64935275705182
-23.6475886421969	-45.40027193502563	2110.42510725015	82.69091088091706	-28.334533918816213	32.30477775370986	214.98509656122445	0.1844252936174831	26.785227609198706	-13.647743569617873	9.475380460900558	0.5865803614897722	4.384207999496103	-0.02398644210600888	-39.78186753193762	229.01457751859823	3305.2435653051043	2083.701996657847	0.08933636600132233	-0.49878366210623126	55.29640424736289
-23.646448140516203	-45.39905147853637	1970.346252032963	60.639962549268404	-28.52690765406235	37.93625785531168	219.38098050478504	0.19633613401672417	20.260737746656766	-17.51691833918867	6.213629812372849	0.0812651125071944	3.5858651422367886	-0.07432588624902897	-32.034377825342624	230.19210741507916	3058.985141242092	1935.0696167967121	0.1142131565077983	-0.34778361280639586	51.303192715984586
-23.64522548149257	-45.397226032262786	1870.1365411164197	37.302248372638886	-27.405179239730373	57.68542623551198	226.18406774029975	0.3324254698167184	12.599595965523923	-19.99513809855645	2.6468533876208338	-0.2506968796232044	2.533281438716175	-0.1319709699271072	-22.96404455157678	229.6170574286753	2887.003307756081	1810.2260748878166	0.11855103990124471	-0.19899387923985462	48.503580471899184
-23.644237480210336	-45.39567437636451	1795.2816611231697	16.0554623804138	-26.789262005933132	59.57964493298971	233.80886940815702	0.40044496191678575	6.06554389630967	-16.727181755602707	0.18980379960319116	-0.2014259778776602	1.680940119108034	-0.12927698058335252	-15.679671612690598	230.31857395331608	2738.4176289959873	1696.7524211054701	0.08519350212547383	-0.07902886481504234	44.46893203455167
-23.642481187422607	-45.39440299287853	1692.3203031274568	2.415248614094235	-27.70094622949091	57.13041924810378	240.34007766960383	0.328082257008846	1.4327225184568029	-10.282919196473049	-1.2489423976747007	-0.04344270088344905	0.70296671085329	-0.08417869465970973	-9.865875366054581	230.4262494447968	2545.275662375071	1616.2148569233545	0.039413118084921234	0.006499877829844375	38.213123784260034
-23.640462860871484	-45.39301370619232	1555.6390990882203	-2.9237624509498055	-28.673865297243623	57.23290590342671	244.9607717459765	0.18386123466155818	-0.8464576598043809	-3.9598769540596286	-1.6874104527101084	0.09710609613955802	-0.3534495260964765	-0.04316583851016422	-5.793988162666512	230.10587619783993	2291.5434616324674	1550.102451073318	0.006747813896563029	0.04580444665628711	30.89411106284433
-23.63838660677492	-45.39122011297528	1426.9845289745087	-1.8496291573987271	-28.546355026906085	58.90659648251906	248.33619684384934	0.07456926238173699	-1.4042604887743462	0.6022543692612303	-1.2403657494107474	0.21760650996579745	-1.2577869799657355	-0.03473135636519253	-3.522283347157856	229.90080580940122	2012.392544167077	1451.1196919697998	-0.00913875209182061	0.04191027227798147	23.68932309372851
-23.636838975904777	-45.38943594513975	1293.8225768553482	-1.1753198657139308	-29.446396553169926	53.28286011637201	251.28111698788138	0.01874736062135994	-1.2580980626104754	2.7506315424277874	-0.31917803145245216	0.1219200272528062	-1.9887999689940603	-0.008408367101640106	-4.627775160778775	229.748339230567	1831.2579255186702	1304.786844313797	-0.012206610556422614	0.008444582068498685	17.863465732508168
-23.63561438460368	-45.38759937027079	1155.3061073096878	-2.5407545997728747	-29.280823158380194	43.74027174968691	254.29859374914864	0.024451168066683043	0.16981694944791847	3.2365729547481306	1.0019693470004092	-0.08414031576177107	-2.4059697403119475	0.024195258801775803	-9.854381093159173	229.53523369362108	1677.5034714612689	1146.581676453551	-0.009056772106217826	-0.053615680923726844	13.665698423967527
-23.634395592226195	-45.38512060790041	1022.9147448655538	-4.39921284704841	-23.240838895505988	36.36513810257978	257.1798839278315	0.16843829754962403	4.9053188585190135	3.363804213372583	3.1687754439628213	-0.12571294396957877	-2.2554654679903177	-0.011492538921152554	-19.485811808725305	229.07392031418092	1422.428519312889	1027.2738069035988	-0.004648964381342447	-0.15986596953210008	10.604066447923998
-23.632991767551516	-45.382314147784356	889.3182893936082	-2.748509132887623	-14.54929912713527	35.6868037109509	257.48044367259183	0.20809623431388613	12.365629090731538	2.8714656928795117	6.217196326775762	0.012437502623486793	-1.4124121889829544	-0.045812455441603804	-31.509656410822426	229.6919303432216	1041.3781495894232	913.7234573835635	-0.008324607286834136	-0.2862094592178759	9.93892732166087
-23.631778435321724	-45.38007192187066	787.878166856316	1.6945614465003196	-6.730319991222982	38.491904542605255	255.0429787186235	0.07990812966182913	20.083119518583693	1.3271918050326015	9.118180437944401	0.17438783505249783	-0.11658207217832839	-0.033201964928384994	-43.082912129683976	230.6318957583633	666.060812960729	805.289083546816	-0.017479247177795917	-0.39579312479990963	13.328264646835052
-23.63045755846712	-45.37857237589574	744.8349989497781	0.883961257323751	1.6678511770468596	41.10329414843824	251.8369519261212	0.05307162261426539	25.840762812591336	0.5794930773928899	10.73396105939329	0.19368041800747934	0.9001000335058178	-0.03211747857681901	-50.70658902058063	229.4052612939165	463.0283965678386	741.6877381463796	-0.02188106934915656	-0.4618112352743208	18.10252899632446
-23.62884984715148	-45.37762159159313	729.1904283856672	-2.134050656890434	10.48304674107289	41.28313398727113	248.59345504414634	0.08339037852710555	29.83651054062217	0.8375240090445061	11.366097699245904	0.15870741496906646	1.6593606606766156	-0.03713277877409585	-55.564502909602375	227.45939564227717	321.8068409406724	711.9054332768039	-0.024545964594633308	-0.5052931163246659	23.0471038305666
