LAT(deg)	LON(deg)	ALT(m)	Phi(deg)	Theta(deg)	Psi(deg)	Vx(m/s)	Vy(m/s)	Vz(m/s)	P(deg/s)	Q(deg/s)	R(deg/s)	Nx(m/s2)	Ny(m/s2)	Nz(m/s2)	Radial(deg)	Distance(m)	DeltaAlt:Anv-Tgt(m)	JX	JY	Throttle
-23.688429197060056	-45.37599730600425	214.13633215097275	-16.42933023293035	2.610784765097619	350.899646109113	233.47437401567282	-0.20663703954554333	10.717582451912087	-19.47470054700398	7.608140124891332	-2.018348511671729	2.5452036390848702	0.07403066792864806	-30.68839614133619	182.8788135568787	7004.520790342689	173.63070751209057	0.13519661250581697	-0.3724616314729342	51.85023461716342
-23.694418343350915	-45.37322495803388	-171.4814374155751	-48.48675572457873	12.868468494063144	379.9920353364535	230.51162911390736	-0.7719480799895105	24.522372371971947	-16.923837357180396	13.095058667876888	-3.0662670386503366	4.735438800425637	0.24541619309932672	-51.42561718997534	174.01728266142948	7538.081183500537	-176.6727046247704	0.09683958687375357	-0.5806208811491234	59.49387722583863
-23.690382754674246	-45.373347088191885	-106.32153863063536	-65.57087711362293	22.487393823972493	371.5054736410991	227.01164692050727	-0.7391411077811183	32.47061948815258	-10.664266492516584	14.341617344470642	-2.9700320210347404	6.6698838831201765	0.2744344582708262	-60.57255819212071	175.57359123265573	7018.531191398857	-103.08719408721504	0.04213595502564142	-0.6344911932377846	69.2893909876255
-23.684365793207416	-45.374772322314406	119.18480901438079	-66.85212098848656	27.23277715609159	357.1997472646102	225.62205905470663	-0.5327343103274734	28.636182583718142	0.6951839521835418	10.529802876025382	-1.9480856564031253	7.43650373435819	0.2119894385287676	-53.31337604351326	180.13533661806713	6298.07954950997	151.0716412161653	-0.01756525852496336	-0.48179992397557597	78.88540663963414
-23.681421098542522	-45.37616924439108	284.8593617688705	-58.01072280208055	27.89457864282894	354.29051002529695	226.58511578331903	-0.48587231841332734	18.2382712517432	8.885207737886546	5.65282464208522	-0.9533616761187422	7.199549261552745	0.1590009206760762	-36.59232378315025	181.1343535563131	6017.4554762321995	302.9679996840092	-0.050051680171138334	-0.271486409977775	84.17845805535242
-23.679674108499725	-45.377675878903496	430.40543314940555	-44.04210028971907	27.174785036425583	352.47537843470275	227.10006707208186	-0.4161458102480265	9.054148380421205	9.175233441811613	2.425435935659535	-0.52728519758434	6.589172843804166	0.11810396717899255	-21.76166736622333	182.72754516710347	5825.708629770823	401.25213761290274	-0.043244889498921094	-0.1124419384776785	82.66099694819279
-23.678405166830085	-45.379353195695046	565.8355067193286	-33.212996389915844	26.761343641872838	347.04740706769337	226.54262003045076	-0.2929877093844241	3.6405113701103176	6.876232099916671	0.9971996952022124	-0.5058575922082175	6.026125917148316	0.08447788689623437	-13.103846378012944	184.83781956919267	5648.06905621052	501.39073248166994	-0.029928883358180357	-0.024240066953113176	79.51559561363595
-23.677168105647453	-45.38092904745547	711.6394037713852	-24.955385555457045	27.001091368818688	341.1751725473825	225.70999541920344	-0.24937576799620287	1.3220700275078503	5.663026418904063	0.459647577167261	-0.5508551025576405	5.608131917637374	0.0675027172915853	-8.594570372581245	186.46375285449022	5532.819918556403	622.964696095055	-0.025056212375359918	0.008742267576928947	77.0971124985298
-23.675727563518475	-45.382389254603545	866.4074426476315	-17.736238756822257	27.60804474279032	334.52918734727416	225.08501170152013	-0.2712735093225572	0.5354270766205254	5.48681933907568	0.20508958841102665	-0.5475689761152941	5.324701801037087	0.07287574498442764	-6.47464001030308	187.9999768643629	5452.3190014575275	766.1275799195446	-0.022577282416931677	0.008768630008318151	75.94916139943615
-23.67414297261374	-45.383798646531446	1014.8274743098666	-11.23734370759388	28.42503482892792	328.04999547517826	224.60179164304532	-0.32016263728104283	0.34451055795774366	5.6064252806485815	0.07605523856739183	-0.4990685078917662	5.150418494278383	0.08788696428063736	-5.82183165653295	189.90856890652387	5381.185881548603	926.9603617520119	-0.018590338847471532	-0.008777584423924456	75.68821002389579
-23.672600588587933	-45.38529187512675	1147.3287706445028	-6.00863524684333	29.199806675880215	321.82848481744304	223.93180220190223	-0.3642783609503573	0.21656462971670898	5.498126176868811	0.03537178101522365	-0.4377383625298223	5.066876685619283	0.09592256230090487	-5.888032848525498	192.3696201064548	5301.925255250316	1098.5184675322241	-0.012649018861438877	-0.031888704821755404	75.78567137015685
-23.671218311734712	-45.386899047376104	1266.0365535438439	-2.9763195949296914	29.6918078584557	316.373822814426	223.1029292814126	-0.36900463323716004	-0.051331797662744094	4.653887349773362	0.0002632175427317307	-0.38881897522242614	5.039086611579027	0.0849012851031851	-6.070180117647919	195.091883141076	5211.665327741679	1269.8322668895921	-0.005005042365873949	-0.051197702719279425	75.9328713050852
-23.669965472377303	-45.38831053329718	1387.54305590634	-3.39732227070483	29.973223399021062	316.0912690584688	222.7183466454735	-0.28592945600663305	-0.3664749000906511	2.056976162327734	-0.2235861388167404	-0.3750251432944822	4.949148301894564	0.04480450964617972	-5.779559503748892	197.33879346279676	5128.739302662216	1423.731254062769	0.004959914650266491	-0.054593423843657285	75.76915653788217
-23.668628587314895	-45.38944829193654	1534.577149591093	-6.986951515112388	30.591873316265886	320.3191297720665	222.82418053084086	-0.14850990598160324	-0.3170337639744343	-1.2807230503550628	-0.612671211335738	-0.3732175306524695	4.725654895156051	-0.008555149532222132	-5.04360710874413	199.02445018384765	5041.595212506923	1560.9864062052477	0.01367763219296468	-0.03797652677785776	75.11706923679613
-23.66689288457473	-45.390805844297454	1696.970884674693	-9.955919659687144	31.55002362848414	319.9597699443434	222.70898926702796	-0.09174445336667339	0.5822759906545194	-1.841992076514042	-0.7339265208456975	-0.27213667150670307	4.507630502922314	-0.026330705264723205	-4.874130893266205	201.23671827813948	4891.530168200802	1691.6358254566364	0.010982330719938278	-0.019030437243667514	74.40817431780522
-23.66526902075783	-45.39257039315685	1837.529833211035	-8.697577780524238	31.432008199156602	316.7663881164632	222.63555871184587	-0.20662684818807178	1.8048937095773745	1.9365801156050533	-0.4734566359353263	0.054109675022374175	4.4412080261813065	0.010640430730721948	-5.240607888389924	204.10845208795598	4700.3628451321065	1793.81014719133	-0.009847968126091462	-0.017961159029412865	73.58020575555378
-23.66484656561764	-45.39433282177062	2003.5419272069103	-0.725000700249911	32.24110984933221	312.02676749455134	222.29966482357125	-0.8587067914472519	2.0877703428581906	16.583429115064238	0.15602543094240762	0.8529376013684946	4.591526821625788	0.2230349344583454	-5.285497825451632	206.79372931016698	4629.263568271563	1882.1165996230031	-0.0815222832501634	-0.03742929802666309	71.1499434788917
-23.664588541748234	-45.395868463548915	2140.3099264225666	20.911077720698295	32.203944157867724	312.58845766234117	222.16706034616675	-1.7065859509346968	2.747199118232489	37.64436845775537	1.8135363249093857	1.9276134048532352	4.415187744722124	0.5125972429573221	-7.2148933003304805	209.4078741522394	4556.603009128621	2029.4914093727032	-0.1797331223422782	-0.08531750450861073	68.70625566512632
-23.665319176846413	-45.39745591500775	2109.5263571975456	67.79909504186168	23.14347866257811	346.1405988117342	222.25904647668528	-1.4253703291199427	9.005101418296274	37.135026543143596	5.97062023397084	2.1610470270647952	3.5319526056132537	0.4213359419094596	-17.87674746072324	209.45141996699974	4550.088946784297	2175.971908823062	-0.16090750162065684	-0.258540679367797	65.3087452005362
-23.66062845514064	-45.398371996453214	2280.5834108233753	115.54345002138	15.768411014733893	365.20104609427176	217.87476926138115	-0.015383428980210764	19.674479461385687	10.343292870018239	11.073753670988694	1.6860260620692045	3.9221848942493582	0.040575409808094494	-30.37150049258101	211.65338669705514	4520.265769480687	2185.7411259057667	-0.03014422493483826	-0.5030974357401501	58.401966528537095
-23.658339050606955	-45.399452624998986	2275.7147213973294	133.56631967650574	7.694412272972555	333.92127044566104	215.8575352883661	0.404028979111778	25.33766926110949	-0.41200873623720413	13.02006025583664	1.5583498554233464	4.407385357565731	-0.06856359121913264	-37.68802771416078	216.38508957363047	4323.385206843222	2238.655785211187	0.017850679399345905	-0.6130978968615637	59.39989910457552
-23.656680711504315	-45.40051580337188	2220.541707598355	137.60497184142835	-0.6658567478872621	282.98758278004726	215.35952695134728	0.46221165678431303	27.973273598746367	-4.2777518370552565	13.734623167907912	1.4333976173174034	4.882947151361034	-0.06730584606465681	-41.89748768737713	219.13174469237148	4201.183004549771	2269.4687928001913	0.03266687469721421	-0.6606745200678379	60.3531471413907
-23.654389823911075	-45.40141919341799	2211.073673777605	130.45428412609596	-10.664166638326478	212.53007522272534	215.418525045578	0.4594674945919756	29.11301274861785	-8.400876651218297	13.523283241302707	1.1299929845890127	5.314467889643758	-0.038163104129416835	-43.47207154464697	221.37966387604024	4075.976352000283	2276.3989676606498	0.04010514030447303	-0.6734952936695505	60.1672973912595
-23.65191732014187	-45.402022329616436	2192.5374239165158	118.39231948657715	-20.316248377827705	142.2696004907942	215.7582517759911	0.3866271272953697	29.006315548558195	-12.374798761213752	12.665023662594741	0.7749471112879065	5.506705684941943	-0.019340025593972736	-43.94018351966015	223.8601124990688	3898.627199920521	2251.659702527725	0.04945708440745618	-0.6503351478146102	59.35218656234192
-23.650329398463395	-45.40175176221497	2107.665020640002	104.42444435869075	-26.512032990255456	96.44601226887595	216.68495164561094	0.3009633694745708	27.629517210997577	-14.947192014406822	11.779888986414708	0.3838241247516103	5.138448188398048	-0.053193118450350095	-43.71981473772087	227.2621313562604	3651.5447312655	2146.350195028752	0.06336627331295226	-0.5755017035746844	56.83380573757419
-23.649179006930733	-45.4011882239845	1979.2451974803953	86.61780237451221	-29.26675140913285	59.07470287871726	219.67089589343286	0.19459106376159696	25.653929920535944	-15.796317449460725	10.653023485658899	0.008968333893214026	4.558343721404873	-0.1075367575856088	-42.44873089987792	230.71756693806446	3333.6267571235708	1991.8324222441454	0.07480893763192736	-0.4826984796174018	54.30426463182083
-23.648616301173828	-45.40054613341038	1847.8637789093482	67.00116869165207	-30.746944473190283	30.684047591444994	225.4160734412301	0.10589955288675258	22.50373841204342	-15.265161109547412	8.628161971732458	-0.1823346143650657	4.231117979322727	-0.12316218038976029	-38.597716480471036	232.5042799835238	3046.543318905358	1826.4307743231634	0.08026750110982901	-0.3885113113321337	53.025296430867996
-23.648309367053827	-45.3998912912881	1706.0627394013288	46.09118784293115	-31.196660109106382	19.293787111048232	232.5893454024369	0.02291389499097561	17.460333607547135	-14.686006960220725	5.47021573281765	-0.31459559977038754	3.952830990472943	-0.08673899767760937	-31.38608395637501	232.86207115223243	2824.132238465556	1661.9563148743414	0.08335128902503684	-0.2800710120616722	52.65987171558996
-23.64591856788072	-45.39853104695457	1597.358920538797	30.428619251930385	-29.923926628818542	31.047094110612846	240.10082883342648	0.028328410708356525	11.476295445393653	-14.912433599606304	1.9848453492198765	-0.5669127518726339	3.0638328369225665	-0.07389087987680848	-22.288082949270038	230.4183135937254	2687.044295536609	1574.5241738534332	0.0806922044742081	-0.17197507830022812	52.78894449389681
-23.641721396683245	-45.39673567909695	1500.0873863351712	22.19470054703842	-28.900434220764915	42.030084608712144	247.48577198934822	-0.00047599663121218605	6.422611727066485	-11.226619821091202	-0.3626211251936535	-0.5914561251579389	1.6926942055231027	-0.08355702684194916	-14.274459212968493	228.05942091974057	2509.2416129724907	1507.0650028489126	0.05196309635344033	-0.08059474658039026	48.51106747962371
-23.63868131254807	-45.39499726063587	1396.7661733381444	14.457505992889505	-28.780124354432125	36.712932829743266	254.50199864467604	0.02190991313877906	2.1638813948498843	-4.942757062302858	-1.016864664882271	-0.4637662797266236	0.24734092371066252	-0.10801841141919075	-9.135652065853993	229.13934143680214	2325.967327100173	1412.8174405901955	0.017681907927016453	-0.02285597264922215	39.78197155819437
-23.637435991088385	-45.39312328880688	1237.9153963571664	5.8247331759732255	-28.950947732199978	32.21232428606311	259.45970296101024	0.06058466229328653	-0.31902894597683407	-0.9293112319988145	-0.40904379714659367	-0.48495394350674065	-1.1503938253998358	-0.11959299624474803	-8.162282117760672	232.1480060796346	2160.7194840251786	1260.5446030449089	0.0038136552115935443	-0.026918003393762574	30.555996261700535
-23.63618380000588	-45.39088496454613	1059.11851286688	-0.2616807151110798	-26.198434007029057	41.30877248530936	261.4816790877894	0.09414109869958602	0.4129565399793673	-0.21467311622857588	1.2435849292270995	-0.5038275600209601	-2.0968745672407616	-0.11471712828088454	-11.603872282598582	235.24428813191042	2012.503905390494	1087.2089960480632	-0.0020540126825547432	-0.06973570781460109	23.291295205188185
-23.635050584098664	-45.38829735400324	904.4414089369889	-4.8188608884624635	-20.096413193157556	48.948253692951255	263.02343255517115	0.19720341611680242	4.5224806575877645	-0.47231779534082075	3.556310743187938	-0.4759712247200714	-2.3553271991416054	-0.13626937418135754	-19.743204662140585	236.21584072337208	1831.9118104717836	956.4926405166107	-0.0032191222913655884	-0.1569901898761104	18.272587502193005
-23.634742887732845	-45.385862238493054	787.9412433508847	-5.868437263546554	-12.172189099332883	47.18411291690586	264.0669415142079	0.29280471577235245	10.818549282807737	-0.4327122001919673	6.19432408323182	-0.3852919600461953	-1.8582838942305155	-0.1664262598506327	-30.4727560159678	235.08877245981338	1550.0666965677337	892.3462054091474	-0.0064973398156869065	-0.274696117236359	15.19738952784384
-23.63462691762544	-45.384201496207915	698.6848837096297	-0.7499313109544374	-4.874216180158961	40.970691095879346	261.23951504431784	0.21618335485380424	17.813271578953394	-1.740533706226957	8.751665052360426	-0.18836624094844268	-0.7411186690026952	-0.1299409282567293	-41.70653260428007	235.49018830199597	1125.1255154393684	832.986384289014	-0.01748950044057429	-0.3971589553713085	16.244504806700306
-23.633337392181872	-45.38285271373177	697.979842891772	2.245680756503212	2.41309261760805	35.56187705701669	256.4304738151621	0.17502544877123055	24.74745568494911	-2.8750472264877285	10.141875680105262	0.0019209729699834616	0.3904800481441111	-0.08380228401456782	-50.96889589390439	235.4744781236821	784.0211203254762	770.0706407867395	-0.014129203011297775	-0.5110406929431546	20.53998884550625
-23.632288303536818	-45.38179737876397	742.868028262776	3.108908156954204	9.37264393104585	32.069368195885374	252.41090234951707	0.21794926776637324	29.48412935492453	-3.4385241988132456	10.710695919417876	0.07967500218627127	1.2059366965062175	-0.06272190958480878	-56.545221044509745	233.81150557085476	596.0247459962497	732.7736735391842	-0.008102699855807097	-0.5854759011620063	24.593539104288155
-23.632260126581627	-45.38090778334667	779.9792858310146	4.033309310344455	14.578709530190896	31.49954710586809	250.50231134812722	0.2734360530014361	32.02233086811022	-3.8464693433865693	11.005901738754005	0.052907591304833426	1.7312958656357365	-0.053178932681689696	-59.46085539721677	230.9487366645363	520.2216993930579	726.7114504429238	-0.005849150486665247	-0.6211183749919117	27.286747305563757
