LAT(deg)	LON(deg)	ALT(m)	Phi(deg)	Theta(deg)	Psi(deg)	Vx(m/s)	Vy(m/s)	Vz(m/s)	P(deg/s)	Q(deg/s)	R(deg/s)	Nx(m/s2)	Ny(m/s2)	Nz(m/s2)	Radial(deg)	Distance(m)	DeltaAlt:Anv-Tgt(m)	JX	JY	Throttle
-23.677907569831635	-45.37944242345036	545.2562503968713	-0.9221216872839157	5.090219728228618	293.8328526265045	234.4831313914681	0.15266861220865813	12.50109132712035	-14.58424956127573	6.7515626482314035	-1.497920872763	3.2429532243709938	0.03681061979952639	-28.63221330753022	190.92415262896347	5904.795590518093	506.0592730308472	0.09557594525430754	-0.33953004712291474	54.91760847690245
-23.682949113868677	-45.376562188560676	221.48104397383372	-24.20638953260048	12.277550003999476	319.3577955179814	232.80688599431468	-0.16966153584879098	23.151777193157905	-13.035058179071195	10.873642784379118	-2.4100846121283444	5.157740030588071	0.176354322253263	-44.33197352264782	182.99043446647636	6404.207623391076	177.87063188130742	0.07495521187775583	-0.5151922926312582	61.2313931525584
-23.681057702814854	-45.375996273449644	237.4034390980421	-39.84372138555034	21.612664395127094	320.37546544749983	229.1551950985139	-0.2552940175796772	31.00190567448457	-6.713330765494054	12.437096835612664	-2.4199878857908463	7.25016157080919	0.20668780955484525	-54.56351760713502	181.97079278882592	6197.863556043813	196.5228752961375	0.02799970899941703	-0.6022350420421789	71.01567448737843
-23.677699383664184	-45.376763553751346	394.4325523166889	-44.21152968098994	28.350039345588048	309.2642908763131	226.9269545304371	-0.17860893646943193	28.460765990759185	4.406031761151898	9.59475917417711	-1.498087695314749	8.088372841120595	0.16549021621229087	-50.63660839526237	183.34725119634808	5823.719238101189	391.7699445790407	-0.02438099390074756	-0.4901984746997029	79.07877659741042
-23.675878948256734	-45.37763807337013	477.61440954409784	-42.16759996853196	31.644986995800625	301.03313777730557	226.82808977999497	-0.2535574683645262	18.581796475776173	12.740925010003401	5.052010268328462	-0.4538602277930099	7.657428756168478	0.1286504373021368	-35.612387840788266	183.23226211772712	5755.6721488241	498.5780887923438	-0.053678276125277334	-0.2803586741804181	83.14640021738641
-23.675026763704526	-45.378935464199984	543.781692344387	-33.458138497742794	32.32919588851952	301.83057418707006	226.65574245425486	-0.2634393087419329	9.176156191072593	12.408692265135498	1.8354036515338792	-0.0020590740393896384	6.874503281316471	0.09238561162329348	-21.020823648861633	184.60516435308082	5696.019998465474	576.5940731094679	-0.048816454078297725	-0.11545907042460296	82.93235777574628
-23.674818067281986	-45.38067760386757	635.1029372311122	-23.777550997719406	31.433838962451535	307.1210774155501	225.52501136691237	-0.1582959572817774	3.2998246770843593	9.010154438270536	0.5452319259995599	-0.04384179321438404	6.1136432224848	0.06137498880598679	-12.639927048161207	186.07378931657314	5556.1649982230665	662.3351881079454	-0.03173693172619616	-0.028392766464523794	81.47129567208472
-23.674377975404685	-45.382369002498514	753.2467714714992	-16.04549492037029	30.789986135468443	314.54370036204386	224.2856919290664	-0.10062539532218741	0.5802281989788636	6.6181170502784825	0.24138111277919894	-0.21400734703547297	5.51277984839887	0.0526934438235212	-8.961864479560415	187.05839753489752	5417.265262006813	780.3466697037366	-0.020771824265974577	0.004982488273941821	80.34063236751862
-23.673456630375846	-45.383917979268446	887.2181661064672	-9.855990351523257	30.613484998331657	320.7168126731869	223.36330244624887	-0.08954421251625468	-0.4396860431232028	5.212808319396372	0.26488909783092307	-0.3354700766251921	5.138241569608141	0.06348157545205427	-7.849299177697937	188.47094327853137	5273.5902406154	922.0897124348857	-0.013207468122074684	0.011481010915264295	79.77625414885144
-23.6721746008723	-45.3853505946527	1023.4442954361572	-4.718898214920223	30.70694217395043	324.94928595964245	222.83588401651284	-0.0791833783376855	-0.6431683025314268	3.7849773642775055	0.3862429268254335	-0.36873516906898507	4.981078309711438	0.07691394554639822	-8.098176084371843	190.55021966908657	5110.194347105302	1069.3406090709689	-0.005272849288652667	0.005580642177048872	79.69348589563477
-23.67066070539188	-45.3867807857892	1156.5336790882586	-0.7706862445582274	30.854664130892914	326.31569333194494	222.61246386119723	-0.04369611542552752	-0.41779962193266584	1.7486210197161378	0.501222436107323	-0.3274648041296191	4.975676295664487	0.07816228423850052	-8.881948146552514	193.05571110543104	4925.186303598518	1209.3213497408024	0.002816437016200514	-0.00388990299162123	80.06702416072775
-23.669123983315473	-45.3882979597519	1288.944770435973	1.4594072646830014	30.841382122674762	324.3658628299568	222.6004409720137	0.0195718801728076	0.01850913781641239	-0.8807460791190761	0.49893176720637555	-0.24883790053688887	5.017511238541378	0.05818626518644376	-9.42765199250047	195.60378922605364	4744.380386851202	1337.5576031021703	0.009906483680300313	-0.011510578685882261	80.68939157395947
-23.66782766039581	-45.38972755497658	1423.2612358938752	1.369535949823291	30.514043440406486	321.5762494692119	222.76271356191018	0.10144212909419918	0.4641027077788191	-3.8650909087423666	0.264842564642648	-0.17908220603121067	4.988606771215567	0.014644299047530852	-8.984876304891275	197.7499960602546	4629.608001497894	1454.971517907311	0.015514518823307661	-0.014802649795569334	80.95358462379374
-23.666758917519395	-45.390823399229504	1556.15157060798	-0.19413250663769333	30.030916374357833	320.0310628131497	222.92868686285078	0.16040373149205917	0.9424465964590141	-6.092345043406648	-0.1156233253699881	-0.12433463735684015	4.82536771370443	-0.033198259623510924	-7.506159921465656	199.42186897324672	4615.310917738319	1562.3081327512343	0.01600006154415018	-0.01666291759942648	80.24397122447088
-23.66552905166544	-45.391901710542285	1679.9593100808595	-1.137573613184447	29.663200686250708	315.43944012656493	222.54994608592565	0.07823611764149792	1.7984394592084438	-4.232515513297498	-0.34677984645078475	-0.018732236690662582	4.616505123403985	-0.036546839403333566	-5.952052747616172	201.43265793636232	4632.096190022788	1662.3138150065256	0.0016169551501596254	-0.022966538219555493	78.6908006232773
-23.66442633970665	-45.393252944082526	1786.5189081069402	-1.4851657835097711	29.100839261716885	306.9266928214282	221.42893755824224	-0.3540491187414207	2.703323447853691	6.162635839331925	-0.5773441600026734	0.2835386719966022	4.493185776170461	0.059059325409893455	-4.7825096075255225	204.17183926809997	4613.264086032443	1732.9523693190786	-0.049461337421822724	-0.03209870441743601	76.35321635047671
-23.663773872969507	-45.39455953617691	1942.0443048935588	5.809158217358567	30.44052722577469	294.98549081473703	220.13807190776618	-1.4069241173414504	2.896513342094119	29.136535530498556	-0.41260431313070534	1.216648397126613	4.57458683849419	0.3394041689339392	-4.214237411484497	207.15549767217203	4595.447014754612	1826.0914731795833	-0.1592610612760129	-0.06757608810336363	72.66522530921509
-23.659971995500587	-45.39605011045525	2082.8659988280124	33.20410073330811	30.696753318096597	295.9973529426644	220.52770881816474	-2.062944266949628	4.681173751381573	46.71740799569137	1.387052928868282	2.340552891578758	4.363849869532164	0.5330766240965165	-7.181899208229897	210.02633292294212	4352.7700028251875	2053.831976662977	-0.23668742991738734	-0.12620351093459975	70.92772364143556
-23.65558669322572	-45.398056662295865	2217.2999677557427	89.73792569263449	25.583272888850598	345.16119303588675	219.82436980092842	-1.210944652068689	13.017828220893582	35.72203762440023	6.0136263519908955	2.490871250074204	3.951196756363893	0.27833154399717003	-17.24923640112753	210.86612451963637	4050.743086385499	2259.224722107139	-0.16946251971321066	-0.29221165326393184	65.06558217217172
-23.65658498299671	-45.398165474504395	2300.465345898965	127.26851776260418	17.79807911348241	349.25694730604715	214.97599512174907	0.033978368570080006	21.477012811487292	9.282840966329466	10.95091841432058	2.1173003701408644	4.025355436882223	-0.013785393212242106	-29.47305923604173	212.26020855300953	4284.11109954045	2294.6798717124007	-0.027968650130335643	-0.5179795781710075	58.737744566042025
-23.65646892492781	-45.39916293629015	2323.1361659842532	137.99733534469516	8.569872361842119	307.45695352379624	211.72768845985945	0.35359710718260023	26.52009558101395	-0.9371584479852023	13.042781539174086	1.9466819423429464	4.440361226187673	-0.07430136321677064	-35.77693461366243	216.25658743795907	4211.919944513501	2342.8517545942495	0.020582051758593373	-0.624303329977092	59.406692319088506
-23.654827825101798	-45.40053289465684	2318.7178515289384	137.88779013449025	-2.2664793360091773	244.81084914866042	209.0803660351892	0.25880460430729185	29.671628636174493	-4.122757674218266	13.605656436603493	1.7665469257072468	4.914649704879776	-0.04036195644685336	-39.09194227952558	219.0292538510068	4085.101607343507	2406.666608129123	0.030620034449139594	-0.6748195809151256	60.46881736715462
-23.652951192624666	-45.400990796536064	2337.0855507571096	132.5686147868764	-11.404115093912221	178.1980878322091	208.28790199380805	0.17354913018035295	30.72624055202106	-6.367934547888353	13.335485472559363	1.594937791687927	5.191793217547107	-0.0039664941586667335	-40.59446082866647	221.39718523958362	3953.7709348759754	2409.0551153895294	0.03818422918485482	-0.6869271357662328	61.78514484280884
-23.650817845898004	-45.40088270912072	2343.708222706823	121.90050217415885	-18.53225031588312	111.39812171113911	209.96238790807934	0.18427912873289126	30.07118156799201	-9.05925734776742	12.412386258476454	1.3597202668525907	5.324818643298903	0.0114369806597777	-41.12064594426677	223.89276414390082	3776.1619507223604	2364.682861346009	0.048498638763851375	-0.6689886176931782	62.666080047541264
-23.64862599706612	-45.400370697370136	2271.162094406339	107.6980484172317	-23.937755439330896	55.48371390365048	212.76612233639037	0.1798195988878437	29.140054120671163	-11.613306495548096	11.177771342566997	1.0468520850076404	5.204514520937174	0.01563495851004913	-41.480995764451606	225.76173253726878	3603.774621629148	2297.09221764799	0.06354415281855935	-0.6135007321437397	62.29925838175999
-23.647044104867092	-45.3997689175274	2137.886221118266	91.33590043111688	-27.53151088141071	18.23819812911276	216.0578501890099	0.06811036249477233	26.777603989274233	-13.317216996342244	9.386775817316778	0.6739503895570551	4.913662980149526	0.012244563715846762	-39.64834540207654	227.81796662684852	3399.9675150898047	2195.346032119931	0.07947397235738174	-0.5262981750735127	60.48729865626202
-23.64620854542946	-45.39892042229465	1994.0064571338821	71.86552388426222	-29.603540060761752	9.26034692177683	220.43005249501462	-0.028543515569088518	21.616916280766283	-15.292386693944179	6.599506912339999	0.2833927496207157	4.432015583794742	-0.00349777085459399	-33.75795714075053	229.25523478407203	3195.14700589303	2064.596338441222	0.09488025292008058	-0.4021975625565144	57.6983027252332
-23.64561746823489	-45.397252553879	1884.207239147378	48.11022531486971	-30.00114774596795	31.94496340238399	226.68765887615544	0.11472981946709561	14.108036060871772	-18.382164058914555	3.245305452270281	-0.11115742375936784	3.3792094178165075	-0.07758710943894012	-24.656766472917077	228.87530161113946	3042.2320043292507	1925.867688187354	0.10491394676457708	-0.2481931995629278	54.640317632770326
-23.645146956580337	-45.395524659956315	1814.9142900537713	21.580241236906772	-29.633179280902617	41.8390836902999	234.45705708868206	0.30686815968808273	6.5550920511607575	-16.714607712694928	0.4374577900896419	-0.16280062175036625	2.323673774726964	-0.13250768423311735	-15.6573139424349	230.10089146656134	2899.538690079775	1785.3585768813427	0.08305019358569656	-0.10381819059944683	50.14998240896347
-23.64348143378137	-45.39382876770787	1755.8227340249964	1.775512527457657	-28.923324744838176	41.510008601887876	241.10229097319507	0.367763529803043	1.4661663283220516	-11.215329548070812	-1.4652988201002835	0.009197312368270483	1.3362049921376253	-0.14639649150287248	-8.578606427997899	231.77036601548676	2734.5431691820027	1656.5514552455736	0.04613952748117429	-0.004611453736976717	44.8405549196128
-23.64048198498127	-45.39207177003059	1665.2882454148503	-4.5278447219395055	-28.10770773117178	48.11955615984007	246.34867988223522	0.28390126991971376	-0.8460973632542075	-5.221260931488598	-2.498354503915105	0.21086146756071822	0.26526334190905176	-0.154305187306209	-3.6333011456609796	231.79373665998332	2494.2765688635336	1540.8165871286064	0.014186552199219804	0.039463398715740866	38.67417363480859
-23.63805578581577	-45.39066416853233	1488.95122521941	-3.2816128068494166	-28.457987792049288	54.003886058247105	251.25696508847793	0.12364181056721042	-2.2240539107427058	-0.3925223517045787	-2.4558646134524764	0.2760311835989528	-0.878077409741203	-0.14279693996791407	-1.3195616286766878	231.71054659221207	2187.804479276792	1441.4332902846884	-0.009129086816000668	0.04113792969262961	30.15722605698787
-23.636340826827052	-45.38903333273782	1287.8782097093272	-3.697503906661048	-28.99482921385585	50.281017901544374	255.47050500062863	0.06287737881938453	-2.5563334185591895	1.865307074994091	-1.4924691124854705	0.11737363914870347	-1.9723905763783138	-0.11226159410080097	-3.5855222176801433	232.06100034239591	1934.5831326222806	1288.7029181665605	-0.017322946409258	0.0135026694574302	22.605228211056968
-23.634867565636107	-45.386745018298086	1103.44246959449	-7.186259602697362	-25.75047135688229	43.60445336349355	259.46985520682654	0.17381674409210568	0.1292357605776786	2.439528890687574	0.3026740467102993	-0.09387024740679047	-2.6351811663055047	-0.11917898660014728	-11.4923714336396	231.79570407317854	1692.2913311701418	1121.7498564642967	-0.012456893162008913	-0.06076883172857231	17.540626299938438
-23.633552598539215	-45.38429423865881	950.8119519270217	-8.064753332013257	-19.50305443322813	46.02487571932929	262.2966761625677	0.2220496793499236	6.039181268752982	2.133851892218744	2.778166227757548	-0.2041019265271119	-2.4324872141929132	-0.11782693517161813	-22.657108181045533	230.59850798854035	1391.8416482661592	996.2665501098556	-0.00541527856093926	-0.17068354412601555	14.977561787227494
-23.63228337455631	-45.382233608524956	843.9736093919689	-1.6564319388589048	-13.483552582576824	48.775366381820135	262.3674901059207	0.010747568637447968	14.034959630487405	1.214905940063564	5.891127552086444	-0.10361809574335369	-1.1913143550162033	-0.06630257659492594	-35.17825002651141	230.24488996006812	984.6017268830933	898.8587234805846	-0.007413288990100089	-0.2913836612856443	16.191950183746172
-23.631430907690834	-45.38060743526586	800.3586732610436	2.8287173874375178	-6.774407882466025	47.84007464675352	261.4533988719893	-0.14283997088056055	21.023045535198392	0.7082454480391552	8.627958752574289	-0.03705925993492894	0.16742183797692567	-0.033504385826198545	-45.23002601086841	228.71018983484393	694.0598810052984	852.6705303565875	-0.014326539889261275	-0.37795328254068006	18.960769075879398
-23.631077480758282	-45.37941496351267	803.7200064573404	4.0334928199253905	-0.13745792691261194	44.342818539104286	260.78306349707555	-0.14739846098533174	25.217052816892455	0.4455448896970159	10.334995682257569	-0.09243364445760129	1.120633470323272	-0.017252386122828936	-51.67911042943945	226.19589667378762	524.1636383126815	846.0138602962946	-0.023768421017046088	-0.42020453629843546	21.829214970629693
-23.630723499655243	-45.37846960062299	820.6099478108548	3.803148257397499	5.929455109829034	39.18225855839654	260.2967836153843	-0.09969189360604404	27.594967003761443	0.4983690872179436	11.246360535003419	-0.16894598380737613	1.7564506564247884	-0.001918035601562687	-56.00027029168213	223.74907678235962	394.2466958002151	852.9137168416714	-0.03344501078212284	-0.44281312076491114	24.70583315351592
