LAT(deg)	LON(deg)	ALT(m)	Phi(deg)	Theta(deg)	Psi(deg)	Vx(m/s)	Vy(m/s)	Vz(m/s)	P(deg/s)	Q(deg/s)	R(deg/s)	Nx(m/s2)	Ny(m/s2)	Nz(m/s2)	Radial(deg)	Distance(m)	DeltaAlt:Anv-Tgt(m)	JX	JY	Throttle
-23.68581127686416	-45.37739484661121	278.50971464599616	-12.896994347959723	0.5417485247606066	338.1309249638363	231.65008135197536	-0.17939751998722994	11.64379293739397	-16.49773342558971	7.34723181009768	-1.908839798680056	2.795307513480034	0.050116402046102876	-27.226234428952253	184.45738064132027	6472.933229564747	314.0416242751935	0.12667994807238164	-0.36231192874819695	53.08947570805548
-23.692585971320323	-45.37430088394502	-94.8716149520053	-43.09777333237709	7.684277450063189	369.3477154250471	228.1851536289415	-0.6500640440548505	23.126669625154868	-13.140762135121618	12.01919681333538	-2.8640823996221325	4.675113876020888	0.17344581007731852	-43.64497334444198	174.35104649859926	7029.012393831859	-51.079364385384224	0.09651706257637274	-0.5605614704764297	59.20610584781219
-23.69017238110178	-45.374721731148554	-28.6855331964548	-56.19785500778502	16.86072157572864	358.5320569496006	223.932138772052	-0.6752558209345069	30.155981984349733	-5.78736549089008	13.315447845439468	-2.7398848409781524	6.712555208236589	0.21144327301032503	-53.58969487198789	173.99605419361515	6732.786778746232	-15.150001134208878	0.035248218148813674	-0.6406393721638564	69.96294161170853
-23.68531368823055	-45.37610369020573	204.28879942060462	-53.97700204007835	22.497352338692814	343.0220282020299	222.2772816081079	-0.5681397639936099	26.6560612959614	5.6892084226181785	9.806443010126914	-1.6806257901769694	7.587984007251423	0.17204749603793415	-47.49117937485333	176.52945218132487	6292.540674087253	225.47262643429485	-0.03661454871696104	-0.5116558274515624	79.60233423683866
-23.682801689880982	-45.37730383544362	371.8519672166559	-44.16471138208658	24.482931798337468	336.1550182744147	223.58342140501037	-0.6288707167690293	16.860856344754357	13.125393385310796	4.986897716258712	-0.6809963933898292	7.297759676542283	0.13209275503026516	-31.707289811968845	177.32041848409148	6131.337851510436	367.12267433356567	-0.07362577212053087	-0.30897066083218844	84.03640325682966
-23.681069380128037	-45.37898398925414	499.0678572839885	-32.66509350238607	25.62772124901037	331.20514681780253	225.05713256081344	-0.5504211812480859	7.942556202857659	11.449863861812068	1.835017753257676	-0.35663065226197066	6.800247368426421	0.0966356544889278	-18.30843568539925	180.71650994634703	5930.759521855157	466.11733277578674	-0.06571299719476713	-0.16174660906312113	83.92239302709335
-23.679327923425255	-45.3807434628069	618.5505771167603	-23.53254902448153	26.38754634955231	329.801611600836	225.45802454348507	-0.4377666419826541	2.6141245439653087	7.768939452050873	0.4697852684816297	-0.3666904562446037	6.2804780393224195	0.07449120420945135	-10.456302700352948	183.80456752300466	5716.952389618846	590.4280242974636	-0.04640734853194604	-0.08433331262474372	81.97443961677342
-23.677764761143045	-45.382450310660225	742.4799698288475	-17.559805972635335	26.569831442294905	329.088935425886	225.22926348287146	-0.39612882221392043	0.3446412850246201	5.803468773987942	0.036941549038441046	-0.40760782289647784	5.79073226903262	0.082166523980798	-6.827577624938758	185.88501297537098	5554.747523022395	748.0595040400191	-0.03187242236806808	-0.05328876677771335	79.7627119863862
-23.676271708746523	-45.384059107428754	871.9170964525374	-13.965263676265462	26.439829299694814	328.2391025452456	224.88120833190504	-0.3872723873261505	-0.3207291949624995	5.087338448273329	-0.017837829155745943	-0.41150718954419413	5.399965172030768	0.10899587134792912	-5.652697650293636	187.78501115545245	5418.551504836394	917.758753124871	-0.019909835384916384	-0.04663368595503717	77.84996070721178
-23.67469204054867	-45.385585587039245	1003.2554774153688	-11.964645561446055	26.366175478671572	326.74316436325483	224.59840565370232	-0.37118248517607877	-0.3534930646567336	4.514046157900191	0.09689083715809854	-0.3792674685681732	5.122667946422849	0.13519310175855456	-5.832449454745802	189.97697821998062	5278.582659477111	1084.3898527199499	-0.008891643847199428	-0.04963322072904952	76.46241174045294
-23.672933008276654	-45.387044201998144	1140.2277652778287	-11.236529592362096	26.687250078685615	323.7525253135253	224.39879718623226	-0.33193338887817503	-0.21026163498620143	3.345546727917645	0.23238566582076992	-0.32805382917655	4.921910470957139	0.14268921096916226	-6.509062302185203	192.4494486250318	5123.280739794677	1240.947012167092	0.0009492133332441649	-0.05060801412283844	75.64804322770772
-23.671049473762963	-45.38829156380291	1296.4525231979494	-12.394818711461209	27.7027553331486	321.0866265437739	224.34006907640298	-0.258279407508841	-0.10889475136683835	1.1076378208371749	0.1711563514830141	-0.29067923176096017	4.70974443125444	0.11547710292353622	-6.798087103614396	194.70414916158475	4986.99819931985	1387.2428018825635	0.010997395483840534	-0.03944065822331791	75.12875901395056
-23.669165212554013	-45.38920625198886	1476.171995416023	-15.108858682738404	29.335534440941913	321.0146603066672	224.32849928242882	-0.15278501098841574	-0.05520657980963506	-1.794187005133491	-0.14132818586504392	-0.2742604703439784	4.431569969469302	0.05866555174191172	-6.306458137251457	196.43825310157635	4915.440540620538	1525.1233592685903	0.02031373370989654	-0.01653127208237548	74.58228491654116
-23.66703709123679	-45.39028874746604	1651.8656713648625	-15.107026923466886	30.874231161468344	317.7196335338396	223.84176578532708	-0.08398275122240909	0.5575215451552982	-2.7946224940370628	-0.24591479837811825	-0.18023146313355193	4.241059580791828	0.02454941356451664	-6.0645953559920045	198.8322202778274	4843.911757182688	1655.441676920715	0.01899434862096015	-0.002065196141357334	74.5288449623723
-23.664694081948852	-45.391672197712516	1795.9957014408865	-10.961819086239704	31.340598666471458	310.02776427242554	222.87022873742296	-0.10208499863436171	1.898439288439425	-0.708832381325376	-0.0275280020735007	0.04853806541399686	4.188865560269986	0.032812501865281715	-6.088434768971332	202.13775711248775	4750.878666122504	1770.2958139836844	0.0022682025878229214	-0.007786876920162916	74.84534746651663
-23.662805792547832	-45.39314752577072	1921.9113437685633	-3.199639077045596	30.975702413667396	299.8728989443821	221.7876942874487	-0.47271612318006373	3.3430196101758813	8.991133937971238	0.3865123103606827	0.5631423612517495	4.234071770085709	0.13343821925012928	-5.825202533930934	205.6096770616137	4649.991245205679	1865.8174654358004	-0.04859661613078124	-0.04172729086252533	74.28111566801186
-23.661793631523622	-45.39450050312527	2044.3152612578515	14.369307951754138	31.48011958162789	291.4398868631181	220.7415177368693	-1.5544430726495293	3.9617763254261344	33.977731164482876	1.1546763657573984	1.6801899247440468	4.266460720825198	0.428210374352295	-6.38028221463054	208.91965629805728	4541.259792240513	1960.9594179894127	-0.17143359034774017	-0.10091765658705473	72.73584835046974
-23.66115677252769	-45.396720516583905	2075.9442235007564	61.521752777965474	28.099359389130203	332.282805445784	220.7358808371119	-1.7563249073858094	7.09257558951019	47.88368118923747	4.2240987579719755	2.6078377267248807	3.761000011026239	0.4989775446415609	-12.36966671998233	210.76575434050952	4258.210610982154	2095.1986377401904	-0.2228116755644294	-0.18757958801192645	71.20916362435669
-23.659254233233852	-45.398419401736994	2229.06971366048	118.42716628772786	19.37108020996417	370.28369736262164	216.39319370445847	-0.2812317485697506	16.504721538581563	23.61608896670979	9.849975171298798	2.414405146838554	3.738686496702378	0.15056087162378162	-25.086167482784024	210.54507696034236	4385.623116166683	2202.0415000240614	-0.08072929252499834	-0.4429139878933554	62.516469287612814
-23.656654853308222	-45.398701682117135	2342.098472167565	136.94664623424302	11.544118033695764	339.19857565545294	213.1282489287039	0.38622295887649827	24.060971189428795	3.2044065817820715	12.849855667666613	2.0340576848087655	3.9773603330095506	0.01852749771185726	-33.89736201038005	213.7388003311274	4356.946566181138	2285.946597057932	0.004980144476078091	-0.6123182887767897	61.14387305430269
-23.65444332645747	-45.400046579481256	2352.6262870917335	138.18057800260368	0.9747191829172186	273.27931635159734	210.643054478008	0.417950712322904	28.25351257431806	-5.017253331609579	13.713585077240104	1.8073680631506177	4.431182469870237	0.007453707438810207	-38.114371538431804	217.34967016113114	4180.898443859206	2353.2015794100917	0.023780723870763965	-0.6909599212092005	61.800250806660095
-23.652495606977066	-45.4011775245133	2359.469346793555	130.0250318605233	-9.903580215466633	187.8884847493868	209.33319836402666	0.42094353395454703	30.035776852123604	-9.849188567433085	13.647229477840888	1.498191445902738	4.954781957768262	0.02225865021992758	-39.67100221442177	220.5563213133303	4040.1722438599027	2362.3551507068732	0.03353490101298935	-0.7179912118089573	61.003124970601654
-23.650476990270644	-45.40157109122311	2358.622193873476	118.48312002722396	-18.629376496699997	113.13230601491988	209.76818016904056	0.37724522020656703	30.132275746734315	-13.24817502355977	12.839496943707939	1.1925121668442145	5.191822121708029	0.054559366890512564	-40.58840698427872	222.33062879914013	3874.961555691234	2345.7912712327015	0.0464200126325534	-0.7022784694854557	60.248254120606035
-23.649130046491113	-45.40157599635874	2299.179177376867	104.97699504342494	-24.090253235489655	57.91061742937771	210.9054148112711	0.2241579347265366	28.716327841109017	-15.317101334873032	11.483314800510865	0.8728248448407869	4.99652130243094	0.05927951359953563	-39.77078879883195	224.23934926598477	3639.3084511125085	2283.4828939764798	0.06216968526507932	-0.6470494090209332	58.632204572446604
-23.64847024065465	-45.401394891292945	2191.6061156733094	87.56932958050254	-27.127716891475885	17.710395221041296	213.34009772944188	0.012525052734984651	25.225816313070794	-16.5462475037535	9.299213444442254	0.5633896273806858	4.644340953854463	0.04858233646564683	-35.74395332530887	226.86037525486435	3347.361446005777	2167.034005540684	0.07925002234420825	-0.5509261517795823	55.82334487356739
-23.64818278196761	-45.40045256892572	2075.096350620689	69.37940614904457	-29.023041515546247	0.6861631763311493	217.19568618378005	-0.0774620223546796	20.653878675267208	-16.826310877272874	6.943067439793818	0.34595916248481545	4.1562640158522015	0.014239267383490009	-30.43474692895381	228.57182878776058	3101.1413670480397	2028.8015277123861	0.08794654161198684	-0.4369099858044387	52.6761371228205
-23.647822000251665	-45.39876263191091	1950.8789739131075	51.14414917801991	-29.480657553197517	15.893950562261267	222.45315121589462	0.029477492315147916	15.080916856525317	-18.308540546071598	4.47535970674568	0.016908277553585163	3.30773230040068	-0.04458609797841628	-24.442640499756966	228.62388844741673	2941.455427158039	1879.8895233911817	0.09439037907961617	-0.3102399277504315	49.827776328724276
-23.646749720094583	-45.39694638339318	1845.5689464430316	34.231971261505386	-28.379528217376844	38.36478944169474	229.6952427118841	0.18282558939945004	8.904652812610097	-19.329464760808314	1.677491277649414	-0.3240781547870515	2.3651323507028135	-0.07361081610840417	-17.82478054348897	227.67575681115247	2859.3167963051174	1763.6457035588446	0.09147760697911506	-0.19102735910750795	48.40691507245137
-23.644616576738034	-45.395161030814016	1767.933460979954	21.030326417062383	-27.023991586756026	40.44191180377226	237.05317416253158	0.19677874394548828	3.9389110454665426	-15.361641247976825	-0.24637613131500125	-0.3072136071417015	1.5909041685124727	-0.061456189969843096	-12.172709007485611	228.29583487479	2736.880926909278	1656.6442900863433	0.05836352654855028	-0.09110677442882881	44.79154502663763
-23.64092513106987	-45.393201748922344	1671.3722672996585	16.421796300826607	-25.9436019272814	41.817670578346736	243.8271202493282	0.052396330196151045	0.619706178943261	-8.571152852206712	-1.3027903850223197	-0.08935729326981533	0.620054869913492	-0.05839879434805286	-7.03234096721134	227.93997669616544	2503.7242646264194	1563.38677280658	0.013030496820958377	-0.021298756158414284	37.6834811952906
-23.638573368502268	-45.39158048405693	1508.9013965028212	14.00709924330731	-25.871669681872916	40.34750556805429	249.15510375053756	-0.13020633689646277	-1.3856621721622773	-2.4367461005691116	-1.367995015092795	0.044416808039685104	-0.4115131850496456	-0.051217985102200235	-3.831687057939238	228.47102997470242	2230.743752495727	1477.2635390440812	-0.016101244016461284	-0.0024147899770805004	28.525816012252946
-23.63776742477188	-45.390176440611526	1331.1490349639698	8.842320515747884	-27.706689800612267	33.06413518608599	252.7786616799787	-0.20623754317415885	-2.583172323082092	1.2360524254142782	-0.615883455488853	-0.04698344955892493	-1.455963712187068	-0.018888278224730652	-4.140159587118962	230.34107475227478	2040.5201536981558	1333.289680288947	-0.02270337295357275	-0.025781419325916904	19.980296072036985
-23.6369997376259	-45.38871688357186	1177.091196618834	4.2208210684131195	-28.350256944760943	29.26140554895423	254.99945452806415	-0.20631851726143274	-2.067814340801629	2.559882662729823	0.6535862726007835	-0.22041391393387127	-2.258855527740491	0.016594701835024386	-7.764760692014828	231.85371495915533	1929.735814536807	1165.839326223353	-0.021400420755056267	-0.07077334111279499	13.630404354580484
-23.635861450535934	-45.386782672206316	1049.1611662393416	1.446389762319015	-23.482269309303803	30.382546934934936	256.878354528111	-0.06238984283895353	1.5911892312323612	2.6825786246176953	2.6090700746738578	-0.27595209016708	-2.537036526155661	-0.01585464935920393	-15.008585910045515	232.2816286530802	1785.212543529105	1040.810734598464	-0.016351572738671775	-0.1486150937172049	8.820423700817017
-23.63436053728335	-45.384486591301844	924.0521990812657	0.964812242146035	-15.687540308441164	32.25969574599719	257.9691102371999	0.07010682763669755	7.65850422164934	2.5185117977109504	5.2956490672299354	-0.1755260190083076	-2.207245156786086	-0.0734198944572601	-24.619611526776914	232.10190029423075	1542.0302662718718	951.7937416545749	-0.014685163895753299	-0.2487877040523343	5.62194675993738
-23.632971386624895	-45.38254895070215	812.0475036626023	5.096190130046361	-9.737668787584855	34.34924175321734	256.4518852948607	-0.041978835380322724	14.811434167785587	0.7742477850237444	8.076670619025382	0.04282300388103401	-1.1950949784107694	-0.05398862234677986	-35.55527963713586	232.95632957418402	1192.821340783113	867.0302123274687	-0.019136697866465373	-0.3547375706127516	7.215233080518196
-23.632187655720546	-45.380896323995486	739.753281362621	5.550266237112803	-5.1123335705104695	42.95376074059661	254.10623584543075	-0.1704380942909976	21.74645564441395	-1.8652607508224186	9.78416597332128	0.1340147411827733	-0.18947571051584244	-0.008112669900171107	-44.96719069198572	232.25050486479415	950.7698560231443	812.1226237776748	-0.013352516434310098	-0.43783508718153824	12.142646109674892
-23.631766929487714	-45.3797615249283	661.9262865425399	0.1052633746583389	0.924453961275419	53.999728008992065	251.0109286675798	-0.17259421394685198	27.859136115502373	-4.337919232841999	10.380795245736262	0.08833222125520146	0.5702614778382014	0.007773651340924045	-51.4543744057884	230.44576205292	805.3722545178316	784.5075984630782	0.0006173648309097924	-0.49332053978850965	18.668500811178156
-23.631201006405174	-45.378911911930125	610.8159669622221	-5.499356121293697	8.194871948422438	61.40972529985308	247.61318485918733	-0.07896555622735624	32.5883870388512	-5.568052731197687	10.542466083425275	0.02985333581769864	1.2233919499270312	-0.005645520842308974	-55.6913461394256	228.61532900844833	723.2141664994801	759.3436369323542	0.012014545668513933	-0.5372974079829665	24.625744729783825
