LAT(deg)	LON(deg)	ALT(m)	Phi(deg)	Theta(deg)	Psi(deg)	Vx(m/s)	Vy(m/s)	Vz(m/s)	P(deg/s)	Q(deg/s)	R(deg/s)	Nx(m/s2)	Ny(m/s2)	Nz(m/s2)	Radial(deg)	Distance(m)	DeltaAlt:Anv-Tgt(m)	JX	JY	Throttle
-23.68455627310504	-45.3764763566068	201.84823105345703	-38.39003055459769	18.77247984309784	345.36397116587324	227.21776824796362	-0.44513125216546473	20.441734492220256	-4.91969537863385	9.191652456891324	-1.9772947319082728	5.520794328772823	0.18581026566189557	-42.22841525348878	180.94783643037093	6291.630989506075	199.28208195518852	0.1240917294007257	-0.3598345684171659	51.83779443667651
-23.68349966063717	-45.37693001993291	253.21056062849846	-38.326403000516514	20.73480990518892	344.0495026545725	226.95511357729856	-0.4427722214123227	18.157509175825265	-2.497408253908332	7.933361096548598	-1.7108342319008594	5.6396206007922665	0.1703105210113982	-37.894611661961726	181.63312943102065	6160.0210597103915	256.1809465079005	0.0916328816527647	-0.5646977059662142	59.261506512673655
-23.68261710360888	-45.37746867555456	307.53846710799706	-37.074828732262645	22.124102480494795	342.7719933252091	226.7710885475823	-0.42148388300338874	15.937735204334569	-1.0466481201557374	6.878611031321339	-1.5204719866216971	5.641377393066738	0.15461752519216865	-33.812300192322695	182.32198077262095	6048.457275767243	315.6886641706934	0.0360104375564875	-0.6250271470250195	69.81722460656485
-23.68179918031087	-45.37807503575618	366.62029796295604	-35.31250948617022	23.155276540992833	341.58708877095285	226.5978266019585	-0.39961361664911166	14.116706306902467	-0.02889927621853794	6.052129591640578	-1.3828086395092443	5.592689907965747	0.14274570456222557	-30.428487606250915	182.9870520648206	5952.647668638596	379.13649167420624	-0.0289039836591169	-0.4566052383145861	78.51268900847481
-23.681001103768256	-45.37872644084028	429.4117017086574	-33.308485878400376	23.94236569724931	340.3964062089807	226.43696540857025	-0.38137262487588847	12.672457362725705	0.7610387975052922	5.403341641306432	-1.2758345201004642	5.52888401670675	0.1356223428315245	-27.747777765931783	183.68515080849696	5866.515963434387	446.0403285410266	-0.0568218657729042	-0.2353661748821539	83.0299246807291
-23.680209226499677	-45.37940542654259	493.8333541877775	-31.188745577609797	24.563711685999646	339.22605413237204	226.2924356523109	-0.36516152619632875	11.516103421526337	1.3405353506540656	4.88595448425008	-1.1867469690414651	5.469923526439078	0.13178912006335453	-25.664634007654843	184.46256026036627	5784.87203446237	515.2925698969368	-0.0429733432865309	-0.0864232935238601	82.30883943193543
-23.678865335676726	-45.38038929502262	581.0360509598868	-31.10108238348941	27.33498811743076	339.10582758917474	225.51880305219203	-0.37379203006647954	10.609795175436997	3.5246950902057663	4.219023834371498	-1.0367361998864673	5.711748861033979	0.1338484050021999	-23.64161412991303	185.3351899659274	5625.655664281259	615.2678798401478	-0.0270837912467309	-0.018971246752963	80.3606578785717
-23.676841426014796	-45.381767794573875	716.6281865233298	-28.304679308443024	29.226966438248194	336.08941115919504	225.0620806101963	-0.32950785366738544	8.513333733071002	5.1046249619661275	3.0335352413618706	-0.7788292231358678	5.769274228504041	0.11738823160499237	-19.72038594059437	187.2904078472628	5413.590455479161	763.970599792182	-0.0205772197979943	0.0020913027596592	79.14910935218026
-23.675026398056566	-45.383212839484585	859.4816215452165	-24.050181339328443	30.079321815704766	333.0265247410934	225.01007162661526	-0.27588610137411484	5.6458070640686255	5.735388455282942	1.6760290471881045	-0.528410211114106	5.630542457509897	0.093721331070339	-14.783595848413771	189.35587759134893	5241.292639696481	915.1870420458863	-0.015414187020114	0.0020781715359332	78.76125936748923
-23.67357664289554	-45.3846028076819	996.549300106406	-19.38072149618933	30.340167593903082	330.96791159017357	225.11230213057533	-0.22227948360980204	3.1662550537630065	5.119256556707939	0.6639967306494903	-0.3723132255055135	5.388573163852032	0.06948344887209919	-10.559322289085223	191.19265090949486	5122.324839270825	1051.0713023747028	-0.0080040986702356	-0.007412637043969	78.81380377508319
-23.67219909238464	-45.38605026019919	1136.2654314817132	-15.04807130088046	30.41170676366295	328.98050629531195	225.04481398929124	-0.1738078176187757	1.806853101059637	4.128689824499047	0.14189366520379493	-0.2951933019420693	5.156706150200234	0.05365047551867945	-8.01712609596278	193.1236405474796	5021.601396720527	1184.794106824894	0.0017882976242877	-0.0194383717066306	78.97775009045007
-23.670792184796813	-45.387579804441785	1279.8810101480085	-11.058834762739014	30.428026881688833	327.2648345695303	224.80643186026464	-0.182761900719773	1.368123180378041	4.497250358344859	-0.04706227097085194	-0.20105788694806695	4.985011175304836	0.057112277422437886	-6.803843202685018	195.26211681150815	4923.941521090592	1318.9475833407907	0.0134983461303197	-0.0275815967836366	79.00546436259103
-23.669326105446242	-45.389080726471136	1421.42456796539	-5.681407802021969	30.52099316146333	325.17472882491046	224.4820740569291	-0.3197533047972483	1.3319518778010015	7.7502720402355205	-0.03060820830488542	0.020614145511191163	4.853569345206313	0.09527995302184726	-6.449417676247597	197.65933184966417	4827.367034455401	1454.3125405295104	0.0245520897422356	-0.0245972595680483	78.41281683721365
-23.66799989151162	-45.39058088200414	1547.0748330412187	3.3891004279129175	30.132354271964175	324.9135856557753	224.18578344701913	-0.4773122892325422	1.8082081987040954	11.909889531885124	0.3391893666308322	0.34784119332854196	4.686696825929284	0.13683919888763024	-7.0349465297304645	200.13388614380284	4727.158503019178	1588.2988023382459	0.0249729077810266	-0.0157011221174476	77.1036537341586
-23.66661737563317	-45.3920206880285	1675.2338786933499	17.085374369285535	28.941126029550826	327.69127703076134	223.4519325510111	-0.4766861816127905	3.4932476481196333	13.025976847578608	1.333330035818206	0.6289668163415211	4.578726275001785	0.1353016307200668	-9.108232812505381	202.45241527070115	4648.7159159829835	1708.3889844117355	0.0044115610872764	-0.0134664644614911	75.36781206240667
-23.66514580452497	-45.39335124939944	1795.1254418049473	32.035695398319604	26.904209701097926	327.4619471469792	222.43492029810142	-0.40610914051661473	5.975263704212635	12.421502157622657	2.6233533641067917	0.8620679331721643	4.520225749572586	0.11582427052396091	-12.097517577222778	204.88512254716116	4574.575266825089	1819.422439806373	-0.0600963613013482	-0.0328087236820574	73.24877861020121
-23.663601621026558	-45.39462070639415	1903.0921146338455	46.58792175304736	23.8932231975134	321.6459645519193	221.32920375974413	-0.33250365826820766	8.762986281584036	11.407890289262527	3.990751750672723	1.0612030629000722	4.494906899583223	0.09659937583995577	-15.416079330464038	207.39567848372434	4498.126537291976	1920.128985111698	-0.1985473830021406	-0.0767980565406603	72.36987115446252
-23.66195336576169	-45.395817635722544	2004.2351186832868	59.85391510788653	19.832158992798522	308.17903076193033	220.14696422637567	-0.2748005384315836	11.641815182345836	10.276574770929027	5.337679606051587	1.221515045697421	4.4873619433017495	0.08284765590052942	-18.76938591361469	209.97709591702124	4412.360663883756	2006.492849501321	-0.231933605318158	-0.1846344195036582	69.78036247939173
-23.660177609513177	-45.396921502185435	2091.370062220734	71.70437611355209	14.817403072520516	286.9718036917687	218.89329150219473	-0.23913788492016536	14.565004958154777	9.15515553096992	6.627071827974191	1.3477968128153355	4.476631350160858	0.07651049803444122	-22.21662974754704	212.55505256988627	4313.478966236059	2080.1669171173794	-0.0696743998405297	-0.4629119584367621	59.55201262774559
-23.65836642007432	-45.397864494986365	2153.5678456231303	81.94047197227367	9.147767266995057	260.47076294622	217.6606241366676	-0.21514411784616377	17.360579608971182	7.923008239388189	7.8374870139049735	1.4272237195746633	4.430857265504391	0.07169741887817202	-25.722572126909718	215.17280048561602	4197.169873621264	2136.390716519691	0.0190117192160719	-0.6080343770120551	58.69359973834778
-23.656629532036675	-45.398570257965176	2184.747024862406	89.93222747202465	3.192181491161654	231.478868887454	216.65579270601324	-0.191788241392506	19.707384181523317	6.150642659160759	8.844950898330627	1.4415318268495667	4.3346181870607605	0.06102636705239924	-28.959063142109947	217.86683306063634	4060.284331785789	2167.599354121839	0.0384090784722	-0.6676899263354753	59.51521519785354
-23.654946636568063	-45.39897389263378	2186.224998725059	95.05832821886413	-2.7347767706523674	201.6175149455112	216.2447850996869	-0.13357667933105166	21.448133528469963	3.0531352049512526	9.489139052281637	1.3698936642381745	4.1908016532728585	0.037373378863546615	-31.63242505185164	220.32662404370998	3913.1032223299358	2173.805313230073	0.0439572004342797	-0.6896923915118628	59.95011883404721
-23.65328247023206	-45.39908520006564	2166.7921306928874	95.85257370053394	-8.604549705056336	173.80796219241927	216.71747982407433	0.04635412853002282	22.55492974644303	-2.778931866785526	9.661600645499217	1.1461099342066083	3.9817280064235234	-0.018947219422263663	-33.32881069265393	222.22392288092198	3760.500906729213	2155.3502028597136	0.0542045525986512	-0.6606023316653233	59.56217691111465
-23.651376998722846	-45.39885912188342	2139.1642540924922	90.57628575147966	-13.948815347572062	145.52585050833213	218.086374712017	0.24811187078014943	22.627007430007616	-9.062467678371904	9.220601112313537	0.8282619097643712	3.7448687277613146	-0.07884835583802155	-33.51187727081258	223.84275113679368	3601.203923855799	2111.7942274520883	0.0691809724211656	-0.5716701857968992	56.0282837267361
-23.649282491714324	-45.39834786615327	2084.4227803109875	79.29344773973807	-18.50743921043007	115.16394655685636	220.65471301797342	0.2833316674463042	21.012952219925033	-11.533256618728059	8.002681795400436	0.5906504047511234	3.348926537356083	-0.09702846687018685	-31.526224255773872	225.40637322896185	3404.1098654007446	2053.5894761397713	0.0828470959727612	-0.4417125809063542	50.24565266207473
-23.64719516940199	-45.397622958734864	2011.587384086363	65.8412171842833	-22.227995539463684	88.17118281848278	223.90028383792838	0.23519723250571128	18.350800084623923	-11.730827277332398	6.478740455785302	0.4169383594418858	2.809137762538401	-0.09607368319423566	-28.202084491943303	226.680574011697	3192.435683526448	1977.5438323223746	0.0899426228290357	-0.3144286548071414	46.43689988928449
-23.64529759282248	-45.396674403321676	1924.1927544807845	52.10674922700372	-25.004636488757978	66.36241606536805	227.48033817677612	0.1718094681833043	15.302019619991649	-11.145100899126167	4.969864817539081	0.27253694965399466	2.1615381067486004	-0.09175155290627537	-24.427071485295563	227.72327778361176	2978.017756713761	1887.6188198410255	0.0930560791058061	-0.19684866554754	45.125447694271365
-23.64363449248046	-45.39552305625115	1818.2744358160587	39.12012802212337	-26.85411739394484	51.33997456669228	231.40887443962097	0.11383103917329274	12.186403427897494	-10.073206222977962	3.6129192755759236	0.14674437214703367	1.422568343533322	-0.08598339159116236	-20.825173635427312	228.48711893963483	2770.360022800696	1786.6022357658844	0.0629735364552412	-0.0804797650528393	40.65051893616075
-23.642145426294977	-45.394197012456985	1700.0924576954908	27.29426997914693	-27.684282394630724	43.48949087698472	235.64805569113318	0.067798724218455	9.225192800650081	-8.609665759023725	2.502103434996726	0.0389506369771209	0.6482287424413947	-0.07830313051831575	-17.739621803560887	229.05882922228028	2565.5127186032305	1674.1995684642256	0.0108450338436188	0.0143175885359549	32.56009329151429
-23.640712355534312	-45.39271893795391	1576.81089898049	17.031880367188254	-27.309446772343414	40.70699165233371	240.0549065155248	0.037939153714770156	6.8494586071887085	-6.8611131439289705	1.7409276283884094	-0.025061973342882026	-0.057542819916247635	-0.06941696454918558	-15.690209532981687	229.44112673335826	2351.287464301301	1558.3484728065214	-0.017042991599057	0.0511388563191097	24.764768971456185
-23.63922031967467	-45.39109577293739	1452.476068800302	9.100600616661401	-25.832972820159235	40.140044161538455	244.2536708420398	0.02403198373560351	5.560340218660521	-5.013849063751743	1.489063802171143	-0.028787125027703808	-0.6045404520533907	-0.05876617308881389	-15.29934943122097	229.6515745413351	2120.774559895547	1446.935620496598	-0.0225426757335286	0.0413884227827955	18.356084451101797
-23.637523998589554	-45.38937307933063	1334.8871597203436	3.522838582013712	-23.473511709493206	40.432646255958566	247.6748146510807	0.023922677190408727	5.584811448752049	-3.232857240079916	1.7909768352863267	0.00958951111400969	-0.9817394865254798	-0.047747253547945456	-16.64121092763434	229.77266260086117	1884.536136172736	1341.3013630453725	-0.0191413287441445	0.0082503132789061	13.963534059961368
-23.635679824714263	-45.387693821536914	1226.9575138336988	0.03158198404303399	-20.32331128762013	38.85696779983285	249.91455291325104	0.023973111095767906	6.840667510859814	-1.4303103937221766	2.5856609908242456	0.07747785699164858	-1.174757826943838	-0.03547343965510123	-19.514235603326128	230.03052202172134	1644.75739322875	1240.6851307209674	-0.0146249836227106	-0.0437067895112558	11.19955724854868
-23.63396220581177	-45.38608484637704	1130.2916099725974	-1.611789396277866	-16.488521274476163	35.962776975192284	251.0465881448988	0.023840725120137577	9.067167271797326	-0.07329215970928755	3.7274234374333672	0.13477751393791176	-1.1939751311245315	-0.02307752746414522	-23.620424976169705	230.17634851482345	1413.3296656872242	1149.5619908246981	-0.0111936608276025	-0.1415920553423764	9.22127443388429
-23.63265809376453	-45.384557769338464	1044.4023592066599	-2.325153030150433	-12.114090746036958	32.755954716035816	251.4261081831599	0.031968862847941176	11.985259887672447	0.4507609468283169	5.052033612174963	0.14893767117258613	-1.043238645021027	-0.01052391427574456	-28.6776253464762	230.06747443709395	1202.3987785810136	1071.2738276337213	-0.0147793532576105	-0.2773833438511547	9.24499450019882
-23.632120837863134	-45.3837783173329	988.8704107441133	-2.90237246297805	-10.413556274473008	30.120844215446784	251.88709203501887	0.03494713388931932	13.393893524230386	0.6635620694325647	5.847782907141357	0.14227166733580895	-1.0431969513079429	-0.0019226103006359672	-31.467607030303483	230.23849093908868	1092.4510469353154	1024.9219353849646	-0.0135098701991003	-0.4018570339310793	12.31402580212542
-23.631495807851152	-45.38296279478262	936.2555646378989	-3.303442731236978	-8.249165073389495	27.60249750833186	252.1792464995047	0.049394681526602924	15.262951494789991	0.6459456397240748	6.7270035084486395	0.13276966628494496	-0.9557472308675584	0.004082300933648074	-34.996322385299564	230.32669747654114	979.0334069733296	978.41002997327	-0.0093263016770626	-0.4943621057882256	16.876924134339212
-23.630720227510047	-45.38208836615009	886.5152280288941	-3.3779510470061163	-5.29336498142041	25.89033385102886	252.18369379210483	0.07365949871293805	17.6607767900375	0.46356783078792735	7.692931903426458	0.14123684115185803	-0.7506602228775809	0.005841892786437799	-39.178688912722826	230.38676613637975	853.8820432309274	935.0648199239379	-0.0090753205967724	-0.5423138687261267	20.59612565475996
-23.629845451025417	-45.381171747076884	840.6107329481038	-3.007707240479762	-1.480653046622054	24.40359195611231	251.75449917544026	0.10539261253556394	20.566921777110267	0.17301060800421109	8.739802573280388	0.17256861997146775	-0.4047228520648744	0.0023002873035961988	-43.856775934632644	230.48662603701692	712.4283421325339	897.5117283388821	-0.0094180420540227	-0.5629889471548921	23.73720248684488
