LAT(deg)	LON(deg)	ALT(m)	Phi(deg)	Theta(deg)	Psi(deg)	Vx(m/s)	Vy(m/s)	Vz(m/s)	P(deg/s)	Q(deg/s)	R(deg/s)	Nx(m/s2)	Ny(m/s2)	Nz(m/s2)	Radial(deg)	Distance(m)	DeltaAlt:Anv-Tgt(m)	JX	JY	Throttle
-23.684528841038635	-45.376829513740674	231.88758563767752	-35.25899041833245	19.656923086602244	337.06110434287166	227.39721483044633	-0.4767272357171134	19.521890385003438	-2.35925347093329	8.843679124482636	-1.6751236136679366	5.615329155841616	0.17633602842919868	-39.43895210848284	181.66817868967206	6477.721430985895	222.11239717664753	0.1157847418852769	-0.3480906384809409	55.55954703047969
-23.683553492200513	-45.37727778850178	284.4618105291648	-33.884683996996635	21.21141338127772	334.66432114236216	227.09286038946496	-0.45089897467285933	17.252612300467124	-0.41093352143994216	7.545744875472875	-1.4267722541499845	5.713653825676917	0.15902853966657368	-35.24454986555488	182.3973308822731	6348.17874912038	277.39728742483436	0.0676716675446564	-0.5380930468256396	64.83406039800086
-23.682621184753355	-45.37780074117808	337.82356117827743	-31.67584363795523	22.295250857208913	332.2247731227223	226.84253577546573	-0.42067982484125893	15.158462048779324	0.6525214046403008	6.5027341881174445	-1.2533811749251722	5.719227460307147	0.14173294792019359	-31.40458462255193	183.15475394380294	6235.80916845431	336.80999893895495	-0.0003198738909083	-0.5682429030764081	74.55724706876471
-23.681706851586913	-45.37837151507793	394.5058032458206	-29.32755324611194	23.08784136967882	330.0603396924762	226.60907111983772	-0.4010612773424912	13.447923770758225	1.3516551704374593	5.699309297699105	-1.1280449434446482	5.688289973372933	0.12827131913858955	-28.226581944771038	183.8978493546749	6135.115646470636	400.69985830543266	-0.054194113625161	-0.4049134095732766	80.92446744218944
-23.68080863942911	-45.378971877956666	453.96039965444015	-27.129159418219576	23.708351902329767	328.3028564947885	226.41151726541662	-0.38994917601159274	12.084618395908176	1.8457324792121845	5.080594049225485	-1.032131765911264	5.647746187989115	0.11917515592626088	-25.70354545167333	184.66055158014206	6041.295172683418	467.82918430752125	-0.066367069275662	-0.2163292067189757	83.08251335488379
-23.67992287155295	-45.37959493555027	514.9859726460415	-25.165966302945094	24.234957751909743	326.89101668268694	226.25999625592908	-0.3815821227666646	10.994999267251986	2.1369997166885906	4.598351149515453	-0.9546131862264972	5.609626140195191	0.112906380861306	-23.740616543016916	185.4681112346829	5950.994497822545	536.5111166912804	-0.0492768709250604	-0.0935627132013575	81.69227774840027
-23.67847674087602	-45.380506527338035	602.6565204176641	-25.064850188273233	26.744923160924486	325.4723744479006	225.42942463806276	-0.39781514328746165	10.069315446447991	4.168405540876682	3.887205154917597	-0.790313563531112	5.870477225070404	0.10948987698088394	-21.64742558421988	186.4177413354521	5782.324491233359	636.9802871885421	-0.0372765259558526	-0.0365811009611066	80.00128831803438
-23.676451810285677	-45.381772702231366	737.4643990656276	-22.27134573047116	28.35545296051426	321.6739712020991	225.00496902546814	-0.3592997309234468	7.9488128182135185	5.3601520333156705	2.6662080674946855	-0.5376453232027629	5.908360989576326	0.08665673845454874	-17.71730344662843	188.30508187279364	5555.560811838247	778.1629090646818	-0.0303843810983627	-0.016082277549284	79.44487808029972
-23.67463455895363	-45.38312556381825	876.1803960226941	-18.063443513186336	29.003457013354183	318.57544676669806	225.03992961253024	-0.30344220480098166	5.274688554646873	5.2267244108581385	1.3909256171084232	-0.3269487244850001	5.737573462345074	0.06007119298812199	-13.101612007759778	190.18188490004678	5371.186373329439	916.8224231607431	-0.0225003214572616	-0.0121234302277284	79.59660001466328
-23.673017897157276	-45.384499341133264	1007.4744234504417	-13.635590549210903	29.153857957337145	316.7533003618343	225.21554010811974	-0.2393930840155777	3.1936739500416906	3.7916337370260806	0.5356297662449412	-0.22730667038399138	5.500828560026534	0.034709620701746415	-9.546054061104705	192.05162774721592	5227.86972084162	1045.7842202005368	-0.0135558177290022	-0.0150448275549746	80.05058083597426
-23.67149333462693	-45.38590446683123	1138.5988443039541	-10.07105206932396	29.195392203013654	315.2382822890513	225.20918023279177	-0.1874413206008315	2.1453625507290814	2.224610653045925	0.13588724851097378	-0.18763836943486273	5.289995461749106	0.016322932210342932	-7.6710766062310825	194.01173841040432	5100.343453336664	1171.3787483739045	-0.0054913114235474	-0.0197416229875539	80.5449804323575
-23.670074265140432	-45.38730003375516	1272.659533976414	-7.0642228953181885	29.36743967937675	314.73910005887853	224.99567802469045	-0.20143889590924569	1.7749393558582347	2.1401097441431363	-0.01925541911168278	-0.12064154865706622	5.118269039535163	0.017932225772256123	-6.995113374356538	195.9321203350135	4994.824787191419	1296.0515317725826	0.0011167934594486	-0.0217767460332359	80.769806889217
-23.668748663407357	-45.38863827109194	1405.370774643543	-2.7830324566952083	29.734807163484646	314.7826467868663	224.69622870132383	-0.336149769516089	1.6227657962551707	5.013603632236037	-0.024247303237946775	0.06089459430000267	4.957809219231452	0.05554572760643863	-7.090962224568727	197.97532511155103	4902.835567881765	1422.5164315756651	0.005801658333305	-0.0183415812457112	80.53724740470888
-23.667494744306264	-45.38999934397536	1530.9841177712829	3.993468879842715	29.85983932219878	316.3280068352659	224.5464214316965	-0.514791172155514	1.9401917599442347	9.519783259922672	0.23375886747757862	0.34320990141712365	4.7753517838470705	0.1075944905310731	-7.789049400116954	200.22117496975628	4793.552268824264	1548.8600701177565	0.00389072377672	-0.0144294430867244	79.95605810832208
-23.66635704395737	-45.39139604630837	1656.9686002732155	15.27641432810258	29.209587947585458	320.97249735053686	224.08882658634724	-0.5523248039707078	3.2937706189344853	11.598071049020406	1.0580900807006797	0.6056323769484664	4.60784728543265	0.12262812535551888	-9.687662673842533	202.32188699567604	4711.062943263582	1662.2788949471833	-0.0126290349909562	-0.01089459431401	78.8740165130447
-23.665096483227565	-45.39272671990697	1779.3479991251097	28.85404198501725	27.55352688536408	323.7998100772908	223.1919123946813	-0.490533594167999	5.591031625930808	11.608033034326667	2.247753464133703	0.8352313662292119	4.483323528368596	0.10842733768037531	-12.542093020622278	204.5534332237459	4633.605437324606	1765.5175255336685	-0.0730299145915724	0.0025468962325927	77.4020886712824
-23.6637163429499	-45.39404274087901	1888.8436539819188	42.76627317094554	24.822472166471897	320.7282262658789	221.9287631659894	-0.4263575534604495	8.353081719004681	11.074684691840579	3.50743391815618	1.0531236618691202	4.38652272232516	0.08987012528590957	-15.78466942398702	206.92636397342358	4556.565163389427	1864.4197391134471	-0.2055849028312873	-0.0217008748890418	76.67530325151392
-23.662208921853725	-45.39532531936841	1987.7117489578145	56.538413810095335	21.037298007417032	311.26865053284115	220.41438637701503	-0.39024768756934247	11.317086079325213	10.639089050567236	4.761223234188977	1.2543928700374163	4.325332245969375	0.0784912092536784	-19.203239615655058	209.315817353035	4477.790204240818	1959.111800669432	-0.2681982428496545	-0.1122844887728865	74.29640465706618
-23.66063171626404	-45.39649036154026	2076.5435381942684	69.92835370657053	16.44101688417552	295.6376882053578	218.8398890037494	-0.37195858549134914	14.275658092323985	10.433213530992122	6.007343699023772	1.4313489572959115	4.298641193920615	0.07479649403353879	-22.63873822325035	211.731475656953	4398.564087243583	2044.3512035502038	-0.1255917904929217	-0.3778664214954106	63.07152130808488
-23.659016266741766	-45.39750454339256	2151.6673192435333	82.30723438755795	11.261425259023678	274.10358375257454	217.40708631101853	-0.3602583914942699	17.02537177500084	10.234246660477927	7.191163168382403	1.5701514404404326	4.300372348890111	0.07588781908910061	-25.94190847579788	214.19163867441958	4314.153133731699	2115.1268822421666	-0.0077691267838805	-0.5534993050542549	58.60964224695133
-23.657377992296468	-45.39835662527391	2203.346291221398	92.76120433182152	5.687840958312309	247.66657023187082	216.2976003950642	-0.3487005273086058	19.475327257077076	9.571598878470848	8.210474511605055	1.655303554947252	4.309355108441441	0.07903796323539504	-28.99885464165692	216.6380513801624	4219.530808825535	2165.7969422895953	0.0291379652822669	-0.6198840732896373	59.353546056524536
-23.655685082078413	-45.399016557188666	2226.4029818622043	100.32589099635922	-0.20671518633601024	218.10932456518145	215.69959326907687	-0.2980055755324126	21.61720001429955	7.494026998144993	8.986138153727422	1.6596851757888025	4.289064566210681	0.06931435652342009	-31.665412349236476	219.05892634106993	4101.269236232864	2191.4209422540107	0.0371842363059063	-0.6549941993109717	60.12587580833054
-23.653971336723053	-45.399416438621515	2224.268764469819	103.38647980258068	-6.326838121002671	189.53130707345028	215.7189267532263	-0.12064916750814951	23.324278612381313	2.3471970890015363	9.401353033815221	1.510108367845754	4.196972472677979	0.0214134325881029	-33.568091118185734	221.15595701385382	3966.10740778768	2187.2267513431893	0.0403167848650916	-0.6647623966600931	59.786254241561686
-23.65220896086864	-45.39945646825746	2204.2923946423734	101.2175984164638	-12.109009630032691	161.52276472877207	216.3040537505404	0.12010223350059404	24.030444496269986	-4.573326015139588	9.25857830597123	1.2265740879641471	4.037677200251774	-0.04564053623170606	-34.356549730069254	222.74939233365086	3843.161442408731	2156.442034181964	0.0464420179483963	-0.6485501679153146	58.612872003325045
-23.650246080067948	-45.39915481379457	2162.40981423701	92.63560536982261	-17.028588294798812	130.27831903146327	217.95459948727984	0.22458759364283684	23.19343168911023	-8.587304506417068	8.34718153436655	0.9696640685449509	3.7848095505879185	-0.07774422309186209	-33.31634307308997	224.2982385370789	3681.079538888063	2112.1081620053983	0.0645864730724107	-0.5769809659226107	56.39719613623215
-23.648175198497405	-45.398603100369435	2101.353483399198	80.97585728003824	-20.94114364341314	100.73539506681334	220.72163216322997	0.21783001678020622	21.035780493762186	-9.698624929145092	6.97763484137255	0.7715645417417524	3.385725332348391	-0.08119468354070163	-30.695633721235616	225.42479442586873	3496.077994902498	2052.455735146621	0.0847040049041069	-0.4568843434747238	53.29434688446306
-23.646160216221393	-45.39777203328005	2024.470758102009	68.53836213745805	-23.856801898385598	76.78427381837375	224.27396612676466	0.1894767040981279	18.213860512811966	-9.54742173533457	5.578426585426083	0.5948976725059795	2.866531425850123	-0.07611789049753526	-27.319007790030156	226.2626326268558	3296.479561216842	1974.078226920931	0.0997854937687356	-0.3080633482638802	50.01986085367918
-23.64434524932647	-45.39670319445282	1928.6287814517386	55.85064317310103	-25.87481443663403	58.28368703569721	228.3693321497381	0.17013604274757083	15.11048133071703	-8.901366247747715	4.307733834273986	0.42380072776244065	2.2473537932358587	-0.07068498677843016	-23.72910961187161	227.0480725639305	3092.032128936544	1877.8401562833023	0.100337555876921	-0.167117779486781	47.252259291966205
-23.64266851618138	-45.39549037087288	1814.6972451158895	43.142985392294705	-27.291858282361556	44.66605468264132	232.79215439818944	0.14740017634702557	12.022753924973731	-7.966878225019029	3.1912412719117067	0.25043228513293553	1.5500008332971338	-0.06307821458787806	-20.420043466615507	227.73071013048525	2887.3959569767985	1768.4576171401677	0.0636504670095266	-0.0512250149980701	42.26968076405196
-23.641089230047484	-45.39414434863825	1687.6070660622568	31.171655467492293	-28.01440970033616	36.29427618948578	237.26752216569702	0.1164094371813118	9.354869726636565	-6.81406387481465	2.318686897712926	0.09626454361277306	0.8289990199938089	-0.05373081267077423	-17.87245811817235	228.26527284519753	2682.3602908586836	1653.102487919481	0.0140470686263033	0.0291538716677078	34.65581529181202
-23.639596281688625	-45.392599686317546	1556.6996491489047	21.078505397801656	-27.78709082198147	32.28341177753775	241.57597090655727	0.09586557971953635	7.536133593567601	-5.556626419981164	1.869057564365182	-0.007109401059066231	0.16703378174295977	-0.05062980610286686	-16.753935552913866	228.78252430974072	2458.8491121175603	1536.4115609348064	-0.011591849054598	0.0449119900346183	26.715872117828503
-23.638062216493736	-45.39084268312663	1432.4948797406814	13.562834309158688	-26.637623950576604	31.854376848350142	245.49493432363656	0.08593103568105809	6.852744579481174	-4.234244409687374	1.9210870129025779	-0.054820936579238665	-0.3638632765235519	-0.051414385391176064	-17.24878733880013	229.16620642426383	2221.5053351063284	1422.851351962703	-0.0167821867170512	0.0142425172632568	20.20308286198256
-23.63643853367101	-45.3890579374991	1317.5588592283268	8.560345282383492	-24.68776830672951	31.203982190926155	248.7319007043033	0.0683281030560862	7.368777878658335	-2.6528806066492328	2.4539839171549893	-0.054343040798210306	-0.7015574724553504	-0.0477595259159639	-19.21120129109776	229.5144010915843	1978.5779725901152	1315.3172200956476	-0.0158801801353517	-0.0360745323442922	16.116485913050994
-23.634733094076513	-45.38735841902915	1210.8748641155257	5.638514910209819	-21.99990341041096	28.54221621911851	250.98117253705172	0.04802496058602921	9.008999994363567	-0.8406667573523008	3.3937632434075318	-0.016624199806256575	-0.8443101799190835	-0.040897146006482796	-22.48730811806621	229.95086614828605	1736.505110822064	1212.6832279068128	-0.0174635098797908	-0.107662339681273	14.615440889684407
-23.63309081475613	-45.385740025868515	1111.3445234434637	4.227167413615985	-18.69562306826868	25.67191986861812	252.24767310968946	0.03862260058053366	11.487373986402208	0.5764770377686753	4.57982961138689	0.010788005968270625	-0.8297804156959117	-0.03469482096275775	-26.803665760391464	230.25510051679947	1509.744080913309	1116.819407470495	-0.0187514626462893	-0.2319864532706949	14.932059167910651
-23.63247462332192	-45.3849342447842	1048.4442694137063	3.39890074781461	-17.804941885828796	23.29898363237427	253.20880434261244	0.015796479996318512	12.476579404243672	1.335549988658682	5.259884906372611	0.005536822663425329	-0.9253633459970193	-0.0252136815182732	-28.84724347661684	230.69264843042745	1398.1936538115351	1064.187058809195	-0.0178670149692503	-0.3538251088716878	15.548402923762184
-23.631986647367892	-45.384110491008215	989.2396850830653	2.753210910626362	-16.64790037849378	20.80825344268005	253.86608367994106	0.006256195528329201	13.947454897573193	1.638674098501191	6.049501233346348	-0.01561036566177273	-0.9258641585316157	-0.01780484615658274	-31.75187220448204	231.16292305407123	1295.9613425806776	1010.4840237338647	-0.0180319491541419	-0.43964119701952	17.054269597128965
-23.631459745169447	-45.38323325623669	935.9976523640472	2.395803986563149	-14.984643246813887	19.030216328945723	254.26197010127603	0.007982042678005044	15.934811367653364	1.6233104243059857	6.90416319830057	-0.029517950822184762	-0.8236718707322738	-0.014645655398321158	-35.45832372008289	231.54304619245545	1192.6216239209357	956.923927976688	-0.0165029889880975	-0.5035088029849503	20.305954944013607
-23.630847053184933	-45.38227787201489	887.6804370827527	2.5974911447866753	-12.420058865527578	18.63314827721395	254.29603158504088	0.02390690555031218	18.537728434672943	1.337311687708189	7.853004392422728	-0.007815032196684992	-0.5876789050776777	-0.018527708354592835	-39.91292615297288	231.88283580783025	1071.1596526805533	907.5153490614376	-0.0180795972345608	-0.5415012326141635	23.673618680027296
