LAT(deg)	LON(deg)	ALT(m)	Phi(deg)	Theta(deg)	Psi(deg)	Vx(m/s)	Vy(m/s)	Vz(m/s)	P(deg/s)	Q(deg/s)	R(deg/s)	Nx(m/s2)	Ny(m/s2)	Nz(m/s2)	Radial(deg)	Distance(m)	DeltaAlt:Anv-Tgt(m)	JX	JY	Throttle
-23.681577451994272	-45.379023170190344	414.03226307669456	-8.122548840394387	2.2422995282035285	316.42833197834443	234.47501534303788	0.020675318538476442	10.45255115929487	-16.82098392243907	7.495476368807195	-1.726640905463557	2.8222882710144943	0.052834205133682866	-28.455560882840302	187.88352612748656	6285.241546166506	440.4725179681417	0.10475650460959045	-0.3519605834185134	54.92486138262309
-23.688218148026962	-45.376535815311534	59.61795939970898	-33.546793644561575	8.998501874885877	347.0755538626506	231.85290264682766	-0.3761109385023169	20.751833901287583	-15.049317979545293	12.155155883259203	-2.6865031398390435	4.5697963057597315	0.20092310697178195	-44.861529515646104	179.0419129736987	6846.730216405338	112.8264066678912	0.07700032275242331	-0.5355410901456111	61.15582353596146
-23.686824340245217	-45.37639578085712	85.88433966429557	-48.30957889245457	18.41640969415577	346.4292128823951	226.98205995939608	-0.4553906460259421	28.00493505665102	-8.919019981746205	13.655660709891482	-2.6345328004246493	6.508410941335722	0.22559721542884692	-53.85668791672197	178.7367600377056	6533.1581243568235	145.44907368635927	0.024863688242735344	-0.6074294075372425	70.56822213249605
-23.682803544783706	-45.377237740921444	268.20916709160497	-52.681437744826084	24.769776808478493	335.6473827469406	224.3423652443182	-0.3846859127883728	24.95516824035683	1.2157253786650715	10.229521303761935	-1.7243651225679697	7.364510516807538	0.18681566881443315	-47.42796145591708	181.91014456295352	6020.026719944632	341.9643924871972	-0.03411045829698482	-0.4721291776370513	79.67051836085275
-23.67994317395466	-45.37826445106957	397.2576753124864	-47.53531526857212	26.80078432596117	330.59387149179105	225.05813030663614	-0.3631379698360417	15.557285092551519	7.928503766667086	5.3617721370154765	-0.8824687847330482	7.148803359920027	0.15793279942103736	-32.16831200306244	183.0289142088086	5801.9893101563175	471.6111074631634	-0.06277526062837085	-0.26219109915669087	84.99187994472192
-23.67838176410591	-45.379214961695084	515.0752076868677	-34.79359110281473	26.783993354761066	328.18571285612654	226.11771764309088	-0.3097925558374995	7.241235779479303	7.5271158564029825	2.086340049496391	-0.4570426110663464	6.503118722246333	0.12071925011921444	-18.012659817358067	183.82402982042703	5663.561306706175	556.8041329213276	-0.0537427087353756	-0.10581012891633923	84.15678106107188
-23.677107148985222	-45.38048968995625	629.8349099979812	-24.72971214589842	26.740680247330747	324.1162367838898	226.333431018238	-0.19167702850669155	2.6689677369853477	4.792957934614667	0.7494926277978857	-0.37516058401117486	5.933327219015933	0.08990570656115174	-10.198471318602142	185.1777027763411	5509.758209735199	642.9239868716569	-0.03828666833517512	-0.024698226680429675	82.17112275636481
-23.675556458675757	-45.38187999415987	761.7269401921501	-17.575971498446822	27.119476241392835	320.88246127508853	226.16485098929036	-0.15032030622717302	0.8498766879009754	3.2103402214174976	0.30128023230524636	-0.3635385076684447	5.495760506493294	0.08030190537802256	-6.739414514871218	186.50297931353987	5382.551401977755	754.2687989628672	-0.02947705188962115	0.005944717019647633	80.67035695284287
-23.67381435578928	-45.383327906890756	907.3546470358522	-11.786264239163383	27.733414635452164	317.654266306077	225.9983335579376	-0.16312107484267907	0.20375497139526466	2.5927847876851065	0.16870608828790434	-0.3219104718947173	5.188838252233416	0.089005823152418	-5.68193558860855	188.07029533651917	5263.468995742849	885.6070999301443	-0.02220462934905568	0.011024150979128816	80.0117692775687
-23.67206066237481	-45.38481449204976	1052.2269158624854	-6.7522944774325175	28.57294973396276	314.66976332498496	226.00227772312405	-0.18373614547386508	0.020892515438136527	2.1363407493230064	0.19235330936392003	-0.24733952841235962	5.013955107534462	0.10153962548975887	-6.051338821915465	190.0311774083874	5135.953771214231	1028.4315625621512	-0.013865460116025852	0.002824984889370885	80.04671942983003
-23.67041646677471	-45.38637104180576	1188.3098731488599	-2.63826491800625	29.435189887062492	311.6254231532975	226.14130876564508	-0.18746372524720645	0.0031582728534758076	1.2789353435948712	0.2751649345479841	-0.16184928489346695	4.939862712530047	0.10219579560290479	-7.088680946042377	192.31873877637048	4994.442841999077	1172.8122187098093	-0.004946643347440613	-0.010725071548825266	80.4681438982795
-23.668926862782456	-45.38790921816727	1317.277443367813	-0.30764986513538517	30.07052457927054	309.4304697557514	226.47813121298827	-0.15893259637437468	0.03623381500593581	-0.4518779873521773	0.26906217961381174	-0.09515840227908252	4.891185654302353	0.07918327025653626	-8.028828662542708	194.6104362135473	4856.665618635224	1307.9456687643733	0.003989659307816886	-0.022223940855461338	80.86075083568966
-23.667582054127706	-45.38917027535532	1450.4298460176785	-0.9892811890995041	30.461983352789257	310.7510375810033	227.1138399179638	-0.0934960883931885	0.15839427342139167	-3.1747743656478242	0.016780318137190164	-0.07017206839341499	4.768160251150565	0.03069502193613488	-8.148035039255372	196.51748848347	4760.243927671215	1430.3154481508627	0.012935700256882628	-0.0236259322840755	80.68075278437578
-23.666227279814652	-45.390248647004874	1597.7132808454749	-3.8316293910977812	30.941348678897747	312.6665515509816	227.5175576333303	-0.055723475599755705	0.6585042187366454	-4.826700813488476	-0.3257366662155068	-0.04705486375499919	4.570983010515012	-0.011558663845635267	-7.6222852510538495	198.45411881159438	4697.618919076484	1554.4140514591911	0.01649068862280971	-0.015884342682001562	79.76577659443716
-23.664884469833265	-45.39156922144249	1747.746502855803	-5.763366350578639	31.308715863861313	311.4515931265458	227.14568351170212	-0.1149408090528391	1.4900734392353527	-2.799415234949986	-0.48781721408566003	0.06283229396184718	4.422393051579062	-0.002641256965409837	-7.035278845164555	201.3576850623973	4642.431567210627	1680.5335624570114	0.0036068452104108966	-0.005573715810661545	78.34330812149753
-23.664312624445763	-45.39336783733596	1895.8047946214758	-6.110134396058676	30.843701986948	311.41951554413487	226.4417160914659	-0.40414399806403944	1.992168204041608	6.3813688319784	-0.3729860293413969	0.355710420517743	4.418667887404922	0.11597594972973432	-5.689385041421776	205.49175738466997	4582.793854482731	1801.1994165379383	-0.04743775532454822	0.010101515872475292	75.85823447856379
-23.66375693940155	-45.394970071367844	2029.136104828681	6.6144407993603025	30.620054207801715	311.95113140020743	226.3116340694807	-1.2572140927994897	1.8207021192743813	28.489485138503944	0.5162726506495154	1.2154581605253751	4.276475757247311	0.3945876145239046	-5.307182717000135	209.5160094735959	4505.689558193642	1960.8728627996559	-0.16035680763898907	-0.003126708936504935	73.6709862562637
-23.661673662501084	-45.396313272535465	2075.435051797612	44.26244146507796	30.026972156376836	317.08067435357736	226.4622172191365	-2.004637695292439	2.9492075096732986	48.769730883127714	2.4701328807004295	2.4845903368010824	3.726291246035707	0.5821873792982821	-10.27091259130277	211.8308904623506	4383.882890059666	2094.827938341546	-0.2479289258355391	-0.08070212932872908	74.30263943188987
-23.661251838383325	-45.397439092387486	2189.2204082573035	93.7047421979655	24.153210431486812	346.80743543963354	222.3848394401157	-0.9417126141904727	11.381203959182061	32.28629117676688	7.770040356656918	2.6814136702941185	3.3982907345588313	0.24681386273786343	-21.021991990777458	210.883223538086	4344.569066335439	2068.1481410523165	-0.13912317664084056	-0.31101865264376194	65.48525896275211
-23.658813823231323	-45.39826656260297	2338.4435552869727	127.34174809501089	15.117644214441295	355.38724181038765	219.4976907559818	0.18828791492919744	21.83704711041108	7.218300178599256	11.837905693058815	2.0686746902897366	3.821173201353007	-0.029756299895853495	-33.11514152954314	213.7090256640028	4379.0336055585385	2172.212757735212	-0.014863696720203089	-0.5272301253502969	60.514631554956644
-23.657499430432807	-45.39918397534215	2344.8601586888	137.72893089508128	6.624633917234205	319.2165565169697	218.1630720264365	0.4611120068923836	26.86860756437853	-0.9471842766864002	13.243048021131955	1.8674147104015077	4.201042229603117	-0.08194231941791441	-39.356365263039095	217.4293093525972	4277.329552919247	2242.7297988007776	0.02540937088457439	-0.6090674777051049	60.95905846066871
-23.655860192305944	-45.400360427962944	2333.5109494130384	137.75260696755976	-2.642351194252968	260.84888702334456	217.4813993874666	0.4176916436586274	28.80910579701129	-3.735021897487804	13.49587882881401	1.6660135438267871	4.643732842991829	-0.05753356985991052	-42.613781674793984	220.25013965590205	4130.0294442675895	2276.1856995128755	0.03487672952569849	-0.6500239311467059	61.4483563359271
-23.65351540509793	-45.40135636898624	2370.570249868757	129.32520639574392	-12.925261016642281	181.47819528863067	217.39722147634254	0.3203291757604952	29.2017843981901	-6.995005063162443	12.898988170755512	1.3761066361541117	5.005680346723437	-0.032123936010313305	-43.61092468917752	223.10278684359503	3930.8794697838102	2274.832974689596	0.03874754374934273	-0.6664468593747238	62.117683759859894
-23.65096609068538	-45.40163828646855	2354.9734366505654	116.90808732289632	-21.709139160840422	104.78483695911963	218.84592344123234	0.26260000139169387	29.32460407175377	-10.566378348404228	11.989479555973197	1.0693557021567972	5.124793985340649	-0.015627999261061565	-44.636637519076785	224.96197774944844	3771.995478183588	2245.594439600401	0.049261588351408286	-0.6418551768377856	62.63543396703153
-23.649089011735047	-45.401278190567716	2247.488210065634	102.6230275622456	-27.102869963489404	50.12503213475361	221.52260289810158	0.2112323401376291	29.175136801569945	-13.154200307007361	11.184351426221522	0.6946511613248567	4.8936578282072976	-0.02672849301298518	-45.64968627919356	226.76169478710386	3611.579014877704	2164.8739655833697	0.06483343528105534	-0.5818012915093543	62.009785720625246
-23.648114536395084	-45.40042781568458	2096.5768368579343	87.30549618772287	-30.123856749821222	25.933265889953788	225.11347086651892	0.2135597944261301	27.32074306749863	-15.410396895743078	10.08566068034468	0.26526538304133607	4.393773131929317	-0.06886163556118913	-44.70507936679831	228.5939681440529	3421.1416718731975	2040.9445328735053	0.07749932768447747	-0.4901839770288378	59.8802202320846
-23.647508282248435	-45.39922054782486	1948.0226926489086	69.45395441389618	-30.942315634615383	34.1685097013864	230.6811880313857	0.33210176712762224	22.456515650482807	-19.28822261787761	7.711834063624643	-0.22705167718852592	3.654156686627476	-0.11830530435087935	-39.39436212829456	228.99477893385986	3241.56579986595	1901.2038188643608	0.09288655439528157	-0.3630943447152017	57.93848116586803
-23.646737814839582	-45.39823708567512	1808.9552212247859	47.458818018885644	-30.124972558169276	44.78629890175651	238.54812981346126	0.3760032786300349	15.49241218417183	-21.793328383800976	4.000233360386467	-0.5409745602042336	2.954510865823104	-0.11336390440081312	-30.11444024559407	228.8366378375595	3009.672456145956	1761.281714935832	0.10092564275470331	-0.22518049720783423	56.73188198147891
-23.64474039306303	-45.39698503100991	1676.0891251636353	27.53386071361697	-29.325512329725	46.35401814457131	246.57425471075084	0.3214822273972755	9.2500919127868	-18.32778743159835	0.9995496212101047	-0.43034951893714496	2.02381741326163	-0.09453884343776128	-20.79017840496535	228.99270427943395	2686.0888245193337	1626.3595331401846	0.0743176495483211	-0.10168103394605554	52.44051132770138
-23.64116462786977	-45.39515576378304	1582.4633483496339	17.048303223480275	-27.690096264669457	45.13971625422843	254.38831596422384	0.30606737559031877	4.208778741360552	-10.640923966929739	-0.535367952313738	-0.03726298929269521	0.8846194551636333	-0.12145413329294372	-12.26762784007315	229.13885024548625	2353.075505357405	1514.454932158844	0.023952335358533156	-0.0059673525706335495	44.40363204722554
-23.63893229531549	-45.393317630621254	1465.2059648453774	11.365338691153799	-25.85404708943753	41.4332782840558	259.5503199220787	0.2747613410002354	1.3811132261094503	-4.511353438733506	-0.5829735851623594	0.20060405904526957	0.0068442102371197855	-0.13454957571908288	-7.080864840473499	230.42431645471268	2106.8136141931054	1424.4560737814284	-0.006242900949345431	0.029054037706612607	35.955522376469794
-23.637853921374276	-45.391609247218874	1327.5097672136883	7.974771464665865	-25.328644946781015	40.27373807074403	261.6529417941133	0.21674220919724374	0.7424030966026702	-1.5953470967003645	0.4082647581766219	0.16123059027864045	-0.6483626632352069	-0.09359095664088246	-6.657457730178695	231.9257969537719	1980.645694874938	1324.920025426567	-0.012660594134110713	0.010915001847902978	28.89952112822871
-23.6369266833174	-45.38968981209823	1186.0964761568243	3.6400366005175684	-25.451617197644023	39.423021394209314	263.1277308067175	0.16550715662780874	1.5625018140991642	-0.059568003924166835	1.912620206138663	-0.037885022094708246	-1.3052510847831789	-0.03399057284074358	-10.806203498990236	232.8234960843618	1878.9644112590222	1190.9342315918243	-0.008969188950775886	-0.04985575164483422	22.82922041350259
-23.636208219057817	-45.38726461280892	1051.8461770217757	-1.994429894639147	-22.490537054685333	35.65951546057664	265.5995352795844	0.21140842549213745	4.851396334780944	1.1906846187728914	3.8804692941445103	-0.2145367339672915	-1.698620169077012	-0.02001333497966417	-19.881339050872356	232.55653691408577	1707.7519120241932	1061.8343262273024	-0.00028752692209069565	-0.16316849729519844	17.802783087978845
-23.635000183861386	-45.384740373174814	948.8229024670317	-1.9934572938601889	-16.8980427939177	37.7472938760082	266.6033258397401	0.20374885781602542	11.052209915496427	1.3194444953318047	6.283456678555229	-0.19008895846523716	-1.2746751807313021	-0.011685049199386371	-31.582385767831063	231.99421156309188	1473.760247556827	962.138486752719	0.003210615979180469	-0.29155145099592106	16.128465125410237
-23.633112108286525	-45.38292602811636	856.0964956711807	3.3232123138394307	-10.209968324636751	36.02640017905685	264.26771419187145	0.13599569663021432	18.336605905104022	0.025897854755671412	8.842370960227253	0.005223990037838064	-0.16082443546891412	0.0024710277969434216	-43.72414706012256	232.96549141759647	1156.1706648293057	873.4160974364427	-0.0017703301118984177	-0.40932073484424913	19.03213358202639
-23.630753575428553	-45.381968255023025	799.2465350673333	5.294845924484553	-1.8618208189628493	27.497298441323863	260.0880331327485	0.20013632418611282	24.46168870810429	-0.8336860774124161	10.479663365658968	0.11473014575723776	0.9294115081859444	-0.006428089734223649	-52.63333179187177	233.336238915732	908.481155899377	816.9511554354599	-0.002789475801331063	-0.5013988919543917	24.02642997933554
-23.628828790764228	-45.38131179339398	794.1320992984658	6.265456458623245	5.970914778590553	18.282859281637684	256.7218364034338	0.3106824870374319	28.524742541902878	-0.785863060861396	11.232467469979035	0.11866591407076905	1.773977404236573	-0.0223664855000692	-57.80622251356079	232.13891837830758	748.6128050834723	804.6439993969091	-0.0016547205388676581	-0.5626683986528677	28.45237097775135
-23.62811341103848	-45.380563931635024	812.9205751422754	8.30292913623568	11.544216377394001	13.235223164909257	255.41563210158768	0.37337080984238563	30.800887301440476	-0.6496279855038923	11.611780572960264	0.05710786365669819	2.373026965623559	-0.03236674087970614	-60.52691632591567	229.63150189567384	658.2806376733993	823.6051856424608	-0.0023118737867163608	-0.5944490929000557	31.571266857787332
