LAT(deg)	LON(deg)	ALT(m)	Phi(deg)	Theta(deg)	Psi(deg)	Vx(m/s)	Vy(m/s)	Vz(m/s)	P(deg/s)	Q(deg/s)	R(deg/s)	Nx(m/s2)	Ny(m/s2)	Nz(m/s2)	Radial(deg)	Distance(m)	DeltaAlt:Anv-Tgt(m)	JX	JY	Throttle
-23.682542722876146	-45.37786840422374	407.4320698777402	-5.249579562413668	6.164994472014106	329.8197252081171	234.26465171660845	-0.040524999505007306	10.910723373322202	-19.55221264024777	6.905749458729593	-1.8975976509118428	2.738615372282806	0.042175307200147685	-28.313424741175425	185.15663318442412	6348.392881435669	382.4435828849629	0.11537279745359054	-0.36658210105358874	55.247158975463805
-23.687917260638883	-45.37510460039213	76.7099695233951	-30.06199007759105	15.9689865396269	355.9284447476374	231.24550367906807	-0.5223464847864796	22.646047578199457	-16.52284147987115	11.672835751382522	-2.9179480250748697	4.737505498998931	0.19705806228758582	-46.8575778055943	175.628445784139	6875.047429803797	50.757536101255255	0.0776806044480666	-0.5697317638822865	63.41966248523545
-23.68685025242065	-45.375186034866346	113.54520243150819	-45.70421663154512	25.730964931360155	347.05600093062736	226.19737188493752	-0.5728262391505237	30.069442260309536	-8.245534973253188	12.83330584842415	-2.789893973557828	6.793950959548417	0.21782348580304897	-56.61064586384192	175.9788889425963	6564.713092879245	73.89513024590656	0.019164574688477612	-0.6355113960029614	73.07805014696152
-23.68318385839526	-45.37687413232999	301.8606569339761	-49.18635430478534	30.4877875426293	328.82634704003607	223.72334511272	-0.44250588948942055	26.552281541418637	3.9330250206458746	9.293890847492756	-1.729460471786723	7.604927360832881	0.14813007527623895	-50.53657388375075	180.85269836553445	5965.3284880991	270.39317000701476	-0.03804503643967657	-0.49965605528454193	81.59337263123521
-23.68112921590204	-45.37815039288215	433.81916343377145	-42.349594761290135	31.603669181046325	322.8317109969176	224.40085978382712	-0.4390392060466007	16.588154103434643	11.5831067525436	4.6541345357777555	-0.6852719000605467	7.2289399928720055	0.09454561193962294	-34.310180421887054	182.8586283741235	5762.100879078547	392.2318389095916	-0.06724282396904117	-0.29072639187978555	85.55659186515466
-23.679905159950543	-45.379422540258034	534.3720552782787	-30.23605725645282	31.02860309684978	323.2319442804758	225.03280951522873	-0.3367326709847739	7.875918877633257	11.151038122368602	1.6916119190477046	-0.26900650710176033	6.541896871369822	0.04649722089782306	-19.778473165303208	184.86860971809435	5654.879892075428	492.18116429687575	-0.05933954138175666	-0.13524390854230312	84.41825001486083
-23.678442001392114	-45.380963539791765	626.0225618665189	-21.279468437824764	30.130212847283325	322.69592627913926	224.60499556198272	-0.19507177936346232	3.060174861545523	8.981784504156945	0.5396599402441513	-0.25723453040405203	5.981686229338649	0.026088200835558736	-12.042711399986787	186.9625781572547	5547.02758215145	609.80470745207	-0.04445963212451705	-0.05528078008255852	82.68518351595509
-23.676635395152296	-45.38245291360007	731.7633653965216	-15.330308035397682	29.41884763235624	322.4696492788891	223.9374630309129	-0.15590767559782126	1.1829804139317943	7.940855565540598	0.23769953779746533	-0.3117658359293912	5.611124877113124	0.038028357282624936	-8.843511297990265	188.7166739809931	5470.20386232768	752.0689212195092	-0.03449053229830349	-0.02560051505590355	81.74687544338839
-23.67475876372077	-45.383857947746534	850.4029720847072	-11.061725038638745	28.907835827657703	322.059374390551	223.44546717888818	-0.17419737983737543	0.5478349883462013	7.388769635269643	0.23885741439634156	-0.3361031120122325	5.390699294691192	0.06686507370280972	-7.970930118505905	190.52882305761426	5386.037960429873	901.5179356967558	-0.025074416912759148	-0.018759614086311438	81.41516226795108
-23.672932173884114	-45.3852099053281	974.2909670974421	-7.799530271225223	28.77833624753073	321.4973054530922	223.26673646472773	-0.19862306801854596	0.3805346331612931	6.375435882541838	0.3564678665184413	-0.31732379885949574	5.288424934249154	0.09163539031142981	-8.263329289264089	192.5616865026974	5271.656943539718	1047.382829358969	-0.014961575411995576	-0.021030665895336254	81.32428301875949
-23.67113842962759	-45.386538613639445	1101.33516670635	-5.355986758784578	29.10038904950138	320.5661380988656	223.3736055504012	-0.20013949843681156	0.45608292107240445	4.4248172487379405	0.46689948372750756	-0.2610193249396756	5.264481973387066	0.09798727631689186	-8.949755626807914	194.70982103111928	5129.107125885287	1185.6514251800356	-0.005356343436749709	-0.02427636112224446	81.32975164157045
-23.669447394074183	-45.387768758097366	1236.2296200429869	-4.273418697586141	29.791297279473554	320.44892992907495	223.70030748419882	-0.16118639329245635	0.6408401223829916	1.4138058957978747	0.4046697058418376	-0.19360441855934452	5.2441185324112265	0.07434989694857153	-9.269262657967232	196.58873902755727	4996.75824468522	1315.4810499909177	0.003659118403930917	-0.022095661464289346	81.22280703595166
-23.66799224693889	-45.388749138560314	1386.0480489902868	-5.447844981925144	30.698446475000083	323.0180740911607	224.11978365327064	-0.08579627423547015	0.8086793281606361	-2.2108198553600675	0.04704943002907225	-0.14789033526195605	5.138902892724626	0.018925911401567623	-8.631935198324589	197.8367740753738	4924.215929220489	1440.6917714940682	0.012637563967594571	-0.010930955139099335	80.63195060372406
-23.666560990825165	-45.389680689403086	1547.1212724603809	-7.296210202249238	31.770705391606032	324.469612050843	224.18532275687284	-0.04168178514865219	1.2917772182240999	-4.21451685241663	-0.33882049001254355	-0.0888930852097012	4.971716936292492	-0.030058434393290305	-7.618750252898572	199.0879330205215	4876.171633969696	1569.241867413859	0.015640524812804386	0.002011182298142705	79.61105134418365
-23.664988534685666	-45.390838265259035	1697.618888662332	-7.411382483513183	32.49350390279658	321.0315786852151	223.6557439317241	-0.08865767486294893	2.313553523912903	-2.83884836665765	-0.4731112724285964	0.05052727595867063	4.816645806545301	-0.03220958314797613	-6.845784553205089	201.00521226435163	4818.421732018513	1690.1921456881134	0.00355742356148666	0.009464918145591444	78.43187529417064
-23.664009297139142	-45.39216798782973	1818.1585097585673	-7.538212627973277	33.00308131043642	316.3481001453502	222.51609971772572	-0.390454874719764	3.144515341820389	4.145292575432066	-0.570690641160402	0.3469972256001657	4.765642014430865	0.06628613324125401	-5.771095062989861	202.65091699308843	4853.052381616691	1763.6010260417659	-0.04271001736240272	0.03002021581782996	76.83933469488223
-23.663290283937094	-45.39350150904853	1926.7915925522057	4.823528258154775	34.37246533205765	310.4866900204685	221.18496425514013	-1.224782917820048	2.5070423367513737	22.844026995637957	-0.6435038110543889	1.233733375327662	4.771523755841235	0.31442149987098433	-6.4041612028279395	205.08405866273105	4900.235179819411	1830.0363339467503	-0.1403535989186613	0.023129289551758497	75.6359039747058
-23.66072406627912	-45.39496404896803	2005.7599639410955	35.61716163608648	33.47432935517105	315.9066314704954	222.0463102127703	-2.0851975438274897	2.5100809439400074	47.33580133084488	0.769241240193729	2.5071195898154968	4.386357989034878	0.5710565002563888	-9.80480847661815	210.008971097279	4552.945734748968	2036.6588510472266	-0.25113032651464096	-0.03451215001673938	75.88555375677818
-23.65883465808108	-45.39707985561218	2125.4281134687435	83.56382258243468	28.538272923317535	345.9920032620405	220.73107001679477	-1.3967864036897581	8.929978790468773	40.961687823475856	4.850643448581608	2.90465608892797	3.8762916488701107	0.38644997741941184	-17.04586924926893	212.7373122106951	4378.830599016035	2172.5949764936763	-0.19980200113545335	-0.21595755392715177	67.89384850153371
-23.6574309884173	-45.39825300806816	2262.110037467969	123.02825196245247	18.67728224577156	367.3064499249666	217.43934008337064	-0.048901124308805936	19.594122171069266	13.745927717341022	9.947788660134112	2.377639527507879	3.824313286071891	0.021787945606998566	-28.69791515338888	213.83941180302332	4343.819034006346	2233.366159178394	-0.05140878097255858	-0.46038396457363495	59.56290560680677
-23.656381577856703	-45.399289284884844	2277.8319637330915	129.93764126154406	7.525018057237631	326.36662522676744	214.53483332696794	0.34873198067618527	25.779051665862674	-0.3542352952108988	12.370645261512628	1.9667356295118363	4.0269776956807855	-0.06721765264864452	-35.730848108242604	217.306621412785	4261.618150573605	2265.77187825359	0.01263843249735016	-0.585291330814303	59.406476945244926
-23.654225868390427	-45.401109936295626	2304.034667536452	126.06374066184738	-4.276820467506474	246.74155178236492	211.9919672949964	0.316433559626373	28.653084636925854	-5.435497968733752	13.05075834555793	1.655191041281483	4.588104078725456	-0.06319832766150346	-38.86866704701214	221.5607718072648	4017.9477623777643	2305.230485369546	0.026224328495062225	-0.6575946148724665	60.135309693447454
-23.652155244875118	-45.40183383526908	2348.5507535866113	119.14304717257018	-13.805677179186493	167.592503432284	211.21356116973223	0.2502525061086721	29.447602299360007	-8.128198405545737	12.980941840280753	1.3825538668387805	4.977022637181321	-0.04339054645575182	-40.0951577619289	224.75150293256905	3801.56286620869	2296.7480767733746	0.03508502678801128	-0.6906122770602489	61.393903358541394
-23.650393883518653	-45.401456129801026	2336.0492883466563	111.82949637242656	-20.399877166509377	108.66223472366347	212.19175367126277	0.20829710814832525	29.648040371765767	-9.60272683541785	12.499223004446314	1.1779804197947656	5.021942971568004	-0.027458187472847236	-40.795611186324635	226.20522930878968	3674.643388001907	2264.9408844354807	0.04670269216663358	-0.681305105644638	62.580657503240445
-23.648383571527482	-45.400598760613526	2254.119281548549	99.49985464854194	-24.718426412455756	58.72460186512487	214.6217173245204	0.21818679175571004	29.683982343994387	-11.343179224877577	11.77288719574144	0.9211756021369125	4.793885260775036	-0.025077354566027964	-41.47167580059606	227.12804936667834	3539.140531334342	2201.9859831093745	0.06273276924644629	-0.6323415385922682	62.589032396019746
-23.646394947468796	-45.399497871942884	2136.5507753347165	82.67261998050456	-27.717444039248363	19.396273766371138	218.562594839658	0.2535544090994521	28.286752322420377	-13.638195358530695	10.365821374706085	0.6175826468269199	4.425245167104598	-0.04240774566294608	-40.33316894328851	227.92240369795545	3350.96159083587	2107.774738832311	0.08011399424010664	-0.5479484301678256	61.333918763623686
-23.645018889872272	-45.398199487655155	2014.0091854964708	63.0970891072361	-29.472383221050805	11.073559412714843	224.5844262879603	0.3409801582178309	23.030980600665785	-17.859100990882713	7.282257119414579	0.22894883335034272	3.8765263802758962	-0.07162540814673879	-34.016730179896	227.76464390380866	3168.693644048959	1993.0384352208314	0.10132972430196518	-0.4146355809833986	59.73926188222007
-23.644431930268972	-45.396685632277844	1875.6175965106622	39.62770180147871	-29.69696283478266	30.866951256044786	231.99166292464548	0.467969943208234	15.137094422167019	-22.07925016527958	3.410324589157033	-0.1840143949646802	2.936467928508506	-0.0991388272887185	-24.67326410095587	227.45027086990746	3018.2050441602773	1847.2850153635407	0.11266708899570513	-0.2440948579852666	57.599079229342834
-23.64365705772756	-45.39522479857964	1751.8125968855175	17.6991282936121	-29.008718485062353	37.7704409113349	239.46359697945786	0.49580087014552093	8.638828090394144	-20.20982307486446	0.7504592820761937	-0.27180807780522603	2.0125358026360383	-0.08449449582512408	-17.493134978163596	228.5017115584076	2846.1929382227336	1707.3716709482082	0.0860330552688633	-0.10665391002467817	54.20941926904328
-23.641031899856	-45.393548383017794	1668.5334650640748	5.512281422128103	-27.688519774054377	37.71938275995606	246.67255088132634	0.47856401664865195	3.77714108290355	-14.067761327624146	-0.5008156058573476	-0.03632323119636631	1.0660374936019026	-0.08398662740705867	-11.280268052391987	229.449884237612	2584.2005497818245	1582.3684579129222	0.03953271770670748	-0.013766749552283436	47.954510821726615
-23.637812498698867	-45.39198236809435	1518.2846550348977	2.871344994819882	-27.579140641511927	42.57564760570702	252.893713529881	0.3240774650500287	0.552781891864738	-6.915144913382683	-0.667853755981465	0.20492756982081953	-0.09340645040105233	-0.08236302367132145	-6.385914699343541	229.60032647272112	2230.0853137379386	1475.9776905042	-0.0010037449971344852	0.020826576162683436	38.172384927902435
-23.636185788746005	-45.390700455057576	1335.3722102640043	-0.06878378497642146	-28.99639673014105	37.5024571619779	257.30955551110236	0.1749032493115718	-1.0446080085397895	-1.9865443932844458	-0.0032805755768432476	0.11961878213390603	-1.1881122233794406	-0.05184828073131007	-5.57607886413259	230.35450373749623	2005.2033285318962	1355.6581971745204	-0.015195163799624887	0.00031635458204279376	28.81027293154426
-23.635469744015673	-45.38914315594763	1177.865693576716	-5.681532755363897	-29.123703582334713	23.914827575257306	261.1053530846437	0.1595577277844215	-0.40341326764608	1.0811462629324713	1.1853359201821507	-0.18642527129307107	-2.0380551104401805	-0.04693720342113115	-10.078312808701787	230.5326036183981	1906.9353285110549	1212.1827507204769	-0.01221867005364845	-0.06661900853041336	22.078796650300937
-23.634529151495695	-45.38695190314474	1038.4401820504174	-10.226379416607504	-24.18688881960658	21.21930060028768	263.9173129336786	0.20958741630972227	3.673117410784786	2.481144431203801	3.179488438171295	-0.37895125080164804	-2.2502663958788798	-0.07279274028228261	-19.067852110800175	230.06786381543898	1764.1584415962361	1092.3264716479941	-0.0077416489619670445	-0.17061009759229373	17.65830043885569
-23.632501801376097	-45.384183595921435	924.1633129061938	-9.393215890320477	-17.17007716831817	36.75293090678781	264.79939931151245	0.09721857395849272	10.503957984111816	2.336142967522527	5.766710621442645	-0.32172448558655037	-1.6843053578470375	-0.04149790089110888	-30.27717878019553	229.16246582365787	1505.4106389863032	989.3548342235533	-0.007840919799352284	-0.2834640836117195	15.65419319368177
-23.631210025791233	-45.38172383431018	822.9876556714305	-3.1485650241334504	-9.533573081797545	45.69805641472368	263.2894280541323	-0.1170656284112809	18.176375174041883	1.2989737146691311	8.604680525139672	-0.0958778955688415	-0.46476384160262274	0.017172417263718653	-42.407096606490995	228.86134965942267	1131.9686419192449	908.6511792718143	-0.01562869465448446	-0.39718695087366873	17.278169861333055
-23.63058164664934	-45.379993653228915	754.2563153668148	-0.5585074622740152	-1.054380915536159	49.52341122674932	260.6176561749958	-0.20223088723784674	23.9682163498981	0.5434313083122109	10.540150693768055	-0.005276611913667267	0.6432619492227953	0.05798998695325346	-51.455980694051256	227.21676037188166	884.2267642355532	859.7913346229518	-0.02214298871624695	-0.4750892020919589	21.213828053514085
-23.629272212892467	-45.37891312493117	720.1217723697795	-2.530066000817847	8.29519747784051	51.292568596632805	257.60195434008256	-0.15698799580105466	28.213978796215358	0.9126381788843917	11.320639136787538	-0.010166511140840828	1.4857154924247529	0.07604613450485345	-57.39105985237162	224.69635313670994	718.8127072899192	828.8564138091879	-0.021748924084064467	-0.5274776522503317	26.427880683918396
-23.62888107308995	-45.37796104341918	693.9133488842862	-4.3069142009135994	15.635412193815664	58.2347769291967	256.00905677556653	-0.1496623947940101	30.96256479851714	0.8348286099301351	11.61189036220135	-0.09660858087120362	2.091892636052207	0.09256386005776684	-61.423558074009755	220.91148308593822	620.4167867559331	821.6552940063025	-0.02073787282294027	-0.5495896331657141	31.288655513566713
