LAT(deg)	LON(deg)	ALT(m)	Phi(deg)	Theta(deg)	Psi(deg)	Vx(m/s)	Vy(m/s)	Vz(m/s)	P(deg/s)	Q(deg/s)	R(deg/s)	Nx(m/s2)	Ny(m/s2)	Nz(m/s2)	Radial(deg)	Distance(m)	DeltaAlt:Anv-Tgt(m)	JX	JY	Throttle
-23.684123988757964	-45.37753088217209	395.90511048031556	-9.499494629984728	5.4665155300765	327.43515971427837	234.2428603600136	0.03975696508644426	11.265320417677248	-18.022450356070134	6.842169854843412	-1.902037959573501	2.9118931104324983	-0.005772510321854756	-26.391641384895845	184.2665918720853	6385.327963190545	390.2322700342106	0.1130477663561903	-0.35741081614035664	51.234915802448945
-23.688038544509322	-45.37532753995921	79.20671076877511	-36.52133714385893	15.36340773384812	347.05384615206606	232.0729305378738	-0.4209041816797396	23.414249244378215	-14.55781632517505	11.697232229497871	-2.8701693390576413	5.099516632738503	0.12654875973752686	-44.922377577406145	176.21935820492496	6713.294631816907	85.98453838564228	0.07604364875579783	-0.5517563850644576	57.87317096318174
-23.684712082842353	-45.37575041117027	149.51472345094408	-49.690258267882484	25.865608298228366	341.0031606150419	228.01174197163039	-0.4907772420496312	30.457084680948523	-7.483214468950508	12.384595038860223	-2.708129202172073	7.059328742428436	0.13758052634904472	-53.77209239616576	177.45175854047886	6329.497489909897	144.47216797719966	0.019790667429170957	-0.6079253278647663	67.25913497425664
-23.68074857815303	-45.37731851977362	321.38021214856917	-50.96989393150956	32.53815418537859	328.0489517543126	225.7440301002229	-0.4428850757683617	26.025998283658787	4.374177703171885	8.606739982261379	-1.6883420593344063	7.475404445294773	0.09256985209064894	-45.77686240643938	180.89704857227287	5950.099944292355	328.3475492335824	-0.0380302829629876	-0.4517143074043304	75.03347353940569
-23.678889798330378	-45.378293472871405	443.4682271939114	-42.33797693654802	34.95948821509382	321.6021068119478	226.00494479446553	-0.4705409582736375	15.16636253849668	11.779026602132062	3.978063568038185	-0.6903070113101976	6.8450680192051205	0.04435303077729083	-28.386550432353268	181.72491645012497	5816.112107391511	440.0517413525031	-0.06308282776730588	-0.23762579441325712	78.69341916060085
-23.677981535907424	-45.37956529644619	565.498725435709	-29.109298419896238	34.49535382250847	320.48620086450285	225.71055463544923	-0.3486620059139633	6.234657292431238	10.544053774440117	1.1536137367782726	-0.3388802781296834	6.097292455269651	0.017438511741872338	-15.216512359821209	183.64097830739183	5656.201737377924	548.661225457622	-0.0521460820309615	-0.09114101892725154	78.95962123126853
-23.677016545247604	-45.381115553383346	691.2608162968993	-19.11533994985413	33.21660155831637	324.1815030064074	224.89885251481118	-0.22581695643948674	1.8027813514845423	7.870607125143523	0.08166648670040733	-0.3331744669766718	5.509131387492758	0.012640901562201495	-9.335418454856699	185.59719604770774	5523.618749219334	677.9002430910781	-0.038799358375457824	-0.025771487588174852	78.91007332932442
-23.675678010220995	-45.38273949913144	822.0864657544196	-12.70442940333967	31.85326025214574	328.16077297770005	224.07274602408438	-0.2031529267027721	0.21011914762665285	6.615944304254018	-0.17409918370777877	-0.3676526220445859	5.116747087367134	0.03411625231777431	-7.533822998896774	187.47149472743098	5429.248599009217	828.099735861027	-0.03183304645711336	-0.00627580301628089	79.15333170105049
-23.674195522614262	-45.38436939159209	947.0382416482881	-8.689009551363476	30.663883339199966	330.616185233846	223.44862375952013	-0.21533498793125583	-0.36818471447145384	5.838833183391217	-0.13981149475970245	-0.37178927830224656	4.881963694945801	0.06759128213308616	-7.356350261414651	189.64939068331935	5331.947868499582	986.4231371505343	-0.02508015458941886	-0.004900007379160937	79.34370174805687
-23.672680756145137	-45.38602614175044	1063.8553896183216	-6.34375710700964	29.847807138988188	331.29837465899476	223.04389269229614	-0.20949483174256345	-0.6070190800748296	4.552658988257768	-0.014435089763130016	-0.34258519737084725	4.801356322496698	0.09055839511971792	-7.724548778524429	192.0933865556724	5199.93224300528	1146.589036044547	-0.016018829765980704	-0.008865570288485114	79.36956704000708
-23.671144895646993	-45.38778070703482	1179.7055713268178	-5.15065622040709	29.518634701981682	329.99611403441037	222.70883528748493	-0.1702479927940284	-0.650328797908001	2.5106097109148595	0.09414974153626865	-0.2871394617946259	4.85542518128692	0.08976218864736393	-8.088952730607467	194.66177563580223	5033.725824046187	1307.7779380858867	-0.005146843299155945	-0.011925895296193922	79.41174966726871
-23.66957712433931	-45.389572131448595	1306.7322294105834	-4.358043306700022	29.762420877372243	326.5257926587777	222.24947789656926	-0.11007185473549731	-0.45287592590135617	0.06732911217516058	0.14571978390160822	-0.21114118152866163	4.957492718669363	0.06784056233599683	-8.153142570340442	197.25345327454835	4863.246176877359	1464.9437237090617	0.004432217491861769	-0.012081620278072608	79.49056798121967
-23.668030023590745	-45.391029739228166	1456.4227129683575	-3.708234212339015	30.56947039744928	322.49277948000827	221.5965005939243	-0.04916913764430755	0.006887979840783487	-2.1429636442262687	0.11656964977152828	-0.1335637067058293	4.93659215054764	0.0387559015021585	-7.615129120445143	199.5576568927763	4742.6467844600775	1606.7476830548133	0.00827126504754273	-0.00816763241625132	79.00590021795828
-23.666649857813393	-45.39184435864995	1630.7635241016976	-4.195934279439566	31.53753734418176	321.20278257559517	220.86690182218885	-0.013616789842643806	0.5518787591405196	-3.1640804244460923	-0.03680446586424768	-0.07876647643533817	4.644622437485201	0.015302084637801817	-5.9864645637052725	201.0327997399564	4734.242530941143	1726.2282230087303	0.004403294682390244	0.0019039828536883685	77.15483949884995
-23.66526677793577	-45.39285038938585	1797.0728815773662	-3.4452799972789094	31.58995640499407	318.7286338464902	220.04472076940678	-0.10725938503022564	1.4020447020187738	0.06323424858879001	0.03538632263656005	0.06834357878014981	4.282069682666599	0.03907858970163227	-4.080333497166734	202.6125219845681	4751.618297147737	1818.0329210278915	-0.016120947344146708	0.005866196301123033	74.79430471686764
-23.66431158929712	-45.394434014127135	1924.2627730895501	-0.18362741726360454	30.922845106412755	317.8897684520428	219.39075092295073	-0.658408901846549	2.2152826398529974	13.613005078882473	0.3671465061465087	0.5939270574468353	4.159567975928676	0.1969789441835115	-2.9321982220980978	204.92816996326673	4657.409496516902	1893.7900308803582	-0.08825815424047956	-0.0004626036071406492	72.6586551300658
-23.6617790463838	-45.395801217678226	2028.3135905393278	26.037270847929072	31.434538960181953	314.950844087785	219.48427372769254	-1.754038751092193	2.0970894290707616	40.67916734199997	1.3535272208782105	1.939233271207581	3.9930823581235297	0.513582209652977	-5.920151629920529	209.1611841537997	4416.05381241217	2071.082377984185	-0.22185546273404586	-0.05476859570128262	72.73392871403782
-23.657267925581653	-45.39797093520142	2149.7992390607615	75.39240452987231	27.682910098346976	335.58191451393293	219.87872457961518	-1.6559963429359594	8.157707048659068	44.91048669481486	4.3369218811374415	2.70161574239738	3.7270807994491415	0.5006776888779818	-14.106062004171486	212.73685941438774	4149.053532523212	2298.7326064845465	-0.23616357581099848	-0.19581751454126167	69.11750137844649
-23.65656057714553	-45.39853523932677	2301.8511088861724	123.51265719844078	19.5730878883334	357.7831703942959	214.46638733929004	-0.1399231002799554	19.140361347892078	15.428476563288545	10.016923526911166	2.321751825826068	3.755558164390032	0.08412028470083366	-27.472765630972745	212.73908202199303	4202.679964341134	2312.229936380031	-0.07305403358602415	-0.4708744792116288	58.63419231127966
-23.656855499750954	-45.399104187942896	2300.5733398972757	135.32742442282617	9.16751655125308	322.7173730595074	210.25931664875088	0.39501183063195683	25.583482379581827	-0.2737895116948753	12.783585136752212	1.9959660724475337	3.9682891757505265	-0.0430773944938223	-35.74028679775236	215.57431012250154	4188.078189650573	2325.084581992238	0.005700224818397841	-0.6117097532082241	58.55689608599401
-23.655243700382375	-45.400574493575284	2262.914232775386	135.1133655014718	-1.4586939208822178	258.42239172714943	207.41620091190967	0.3555193279222328	28.93665077577282	-4.85806206947946	13.432294862441427	1.815224256144041	4.406861201545067	-0.04804934530907607	-39.66538486140979	218.7852641635866	4025.4961076089094	2384.0782634603224	0.025062635359493497	-0.6722002683895376	59.747583995638486
-23.653387538623168	-45.40123424083319	2284.468394918146	128.16831528599775	-11.177858776214983	187.91467035916912	206.56981489920594	0.29024922683448817	30.165703614274335	-7.020945497274092	13.367557745496903	1.5149768759639313	4.804020407773979	-0.026747296987720492	-40.928289432859216	221.5467351217361	3856.3472839824763	2388.9765512414606	0.03411611267071522	-0.6939481411343422	60.06939848707117
-23.651059455864985	-45.4011898490049	2303.3506255515995	113.78990586979411	-18.99784303707351	114.2837068889004	207.91064170938103	0.29169911083543965	29.967548482841355	-9.759501366225015	12.743831252343947	1.1206289480922704	4.963907706101535	-0.01556777910684616	-41.31816469367848	224.16230107561094	3646.6507884298876	2334.937154442527	0.04579538985925613	-0.6770670531790077	59.87530153616279
-23.64901943719896	-45.40072959430464	2240.1684568557157	96.20629809374657	-24.18726574146142	53.90267880269499	210.7087579651764	0.2541431354978082	28.943845547148637	-11.93013400176732	11.621953891246907	0.7055289767222929	4.861740995785331	-0.021715152868286645	-40.67948818469044	226.60780494502276	3440.3365278041347	2236.443588152466	0.0633662809990563	-0.6201330999487272	58.79773426863982
-23.647704302805316	-45.400132217354965	2129.8306687998606	78.38163213218233	-27.566684271642472	17.43998734580279	215.10294085094753	0.14302342435059062	25.459710949201988	-13.088417453261584	9.350546094839284	0.3564367174145992	4.800442011371019	-0.024042952480344326	-36.381897692762614	228.66019556185304	3215.9366766680637	2111.158550779367	0.0822657421221108	-0.5277568074024379	56.919064836112284
-23.646316147562526	-45.39893666648384	2026.73487827514	60.15664836115221	-29.563056858686018	12.279376862472503	221.11838683002486	0.1447656139132259	19.394034829818544	-15.51052542536859	6.035167400986663	-0.023852614027867647	4.400119178341623	-0.06557843114236322	-28.447507616957253	228.8653242047874	2992.2841669765053	2002.7172173293952	0.10115648720319328	-0.40349130470933575	55.10278401326244
-23.64497807051077	-45.39708462140306	1923.916912310517	40.92832929289587	-30.649294789797246	32.088879042389834	227.4647639783213	0.2861735553158688	12.476418785316993	-17.940747375322992	2.8798815971378358	-0.41730575706681944	3.3970409360035188	-0.14237296001019806	-19.90434592930096	228.56124897696452	2813.7330045167055	1888.4253690176283	0.10642364363239194	-0.26128706314531813	52.020862629361446
-23.643545477068646	-45.395155180840796	1827.6797406229296	21.990959451872172	-30.830549330325617	45.60154590306692	234.49833531073804	0.39870565304664246	6.559453472785262	-14.781316521376473	0.49296461289116156	-0.3923236379447133	2.263405943700148	-0.1819286468429392	-12.929624628297596	229.37380121831444	2648.9384719980003	1738.0029286378342	0.07566719875253014	-0.13143028788924105	46.94292967322119
-23.64016976532956	-45.39309434319354	1745.3186377826787	11.028652828877243	-30.088659428043123	55.21340703365706	242.32519858468024	0.3957520475648899	1.9023475494692974	-7.371120651815432	-1.3377680739027875	-0.031178638700722253	0.9446005936826545	-0.1995298831961353	-6.544363396703883	228.6132636217831	2443.383868788495	1602.3304485394817	0.02064757579546415	-0.027496110517500977	40.19463805785817
-23.63744889594147	-45.39143937344003	1597.6453846187594	5.68254494785776	-29.30663033966352	58.77180498298384	247.99817845404192	0.23567058595938956	-0.7749882158030914	-1.3412267455383806	-1.984523405684449	0.18318613030850048	-0.3013517676653348	-0.17352519438878486	-2.761207672540486	228.00221632894272	2221.3488394688475	1516.6688291230937	-0.01895951011022114	0.024533513954965697	32.310269848319024
-23.63661066602946	-45.39006975716971	1423.3990882328294	2.70540562212463	-27.72719614438151	56.75318149200473	251.04159348549217	0.15048468418725636	-1.4518897796282957	1.081753983032389	-1.2110465689326384	0.2126183136124182	-1.1270302755091492	-0.1383556219256706	-2.6237838917684755	229.34192409348188	2019.8845878131488	1438.0622676268765	-0.02945870131624532	0.015966973552687974	24.93861737594777
-23.636085935589296	-45.38842264629708	1266.253951462109	-0.26671555070437947	-25.499770460321404	48.83745093911824	253.97818104736163	0.2807193877135986	-0.10414792402992568	1.3859410147031528	0.24341730330676725	0.061648103257403296	-1.7249958797941662	-0.13904158662800922	-7.363126935520686	230.23964440752476	1869.5686702676562	1318.4993422514708	-0.022085121960517814	-0.044975235728016066	19.29592142257392
-23.635057943064474	-45.386256975849115	1106.794443310933	-5.4723685350137785	-22.571632090898362	36.60610294888269	258.265556231196	0.49696157135228	2.8397132286522275	1.5403372927740404	2.149803320411884	-0.2532295263115681	-2.22985168321123	-0.1633108681525527	-16.39245795541173	229.9294829088685	1672.7904906137096	1148.159728754416	-0.008351862211730766	-0.15030698023915803	13.979367868224728
-23.63321534502001	-45.38405703730714	953.9574171200294	-8.262289718007743	-17.552732124227425	35.672999660792414	260.9698739756354	0.48906532694932886	7.582010553852153	1.928969637829082	4.700476092749182	-0.44416298819044625	-2.1148641901666636	-0.1436374534735508	-25.55355488211342	228.74764482763842	1419.0332439453928	1004.4792336958028	-0.007643953775908317	-0.24809624847201606	9.644718138527345
-23.631729461289243	-45.38212305651204	843.2901673737733	-8.624681101901047	-10.760117181929449	40.9281173850857	261.5617213997006	0.37645794389376536	13.503749397115556	2.5312086960165563	7.272214130409161	-0.4801591527082469	-1.447224237834729	-0.11728350835677814	-33.40159103185526	226.59216096499944	1174.8603071802136	932.8131164893273	-0.014095874142690043	-0.32328696500157683	7.913984146860386
-23.631276402868178	-45.38043351347195	782.6130594609173	-5.494306271280141	-5.042543946360154	47.56493635920464	260.2853953716146	0.21584800835724066	19.71804425642252	1.738933215908676	9.2567635434383	-0.4271048455626349	-0.5022546831492498	-0.07783876586997657	-41.18961623754723	224.94005684751497	885.7284848227127	875.1957585330422	-0.015923510546830798	-0.38924241054347275	10.313555225171982
-23.631160865641117	-45.378836759999324	740.8801387383232	-2.8514213058761726	0.6462987199683354	53.587037411876224	257.6260708658072	0.0632995818257056	26.110001583755064	-0.25702026754084273	10.591660751945385	-0.3300683914451175	0.5454406679898303	-0.04104557624610742	-48.84573898737649	223.53476776049146	574.2037419578774	814.3509799383651	-0.009540479769722759	-0.4479256327435501	16.333344388977956
-23.630713539224963	-45.37751052280168	709.8495832393891	-5.465106560415492	8.328694538037304	59.898636331103035	254.53308170432013	0.057627401479044174	31.404108220755138	-1.9360282207653632	11.211507176985373	-0.3270704159168163	1.360930408041472	-0.03056590006082592	-54.46669334419509	220.99762030160485	397.0543233735075	771.3005724341625	-0.00026833664184939144	-0.4872558807778125	23.348967723587442
-23.630534134372216	-45.37642269845302	707.6375461717768	-6.832639976772768	15.332062643169778	65.80784718821033	252.83518465709557	0.08974344322436571	34.420796306431825	-2.8871422713837624	11.71177821332024	-0.3938873625828915	1.9665119012572903	-0.01564324113111118	-58.29948570363463	217.89633299658036	345.0411803572838	749.0366097380644	3.5054855460031446e-06	-0.5105110447008826	28.569486676979313
