LAT(deg)	LON(deg)	ALT(m)	Phi(deg)	Theta(deg)	Psi(deg)	Vx(m/s)	Vy(m/s)	Vz(m/s)	P(deg/s)	Q(deg/s)	R(deg/s)	Nx(m/s2)	Ny(m/s2)	Nz(m/s2)	Radial(deg)	Distance(m)	DeltaAlt:Anv-Tgt(m)	JX	JY	Throttle
-23.683971117169836	-45.37833520912964	441.0005243347438	-4.088552814020783	1.476788441823608	328.82272768542134	235.04269942327414	-0.0447232941145343	11.517738864959947	-16.885186220785855	6.987113465509662	-1.6162061441963533	2.7711180501713617	0.09423812533514578	-29.45105075888665	187.62113993512187	6401.394821039744	327.61862974276494	0.11018195635132326	-0.3523591693833669	54.82126911770006
-23.690243743621892	-45.375620928822464	127.20308340448082	-32.13688619769741	9.858351864794999	362.0864483575399	231.01675900479097	-0.49092452047922	23.50217595071333	-14.549667837384444	11.555138049532406	-2.6711933505932843	4.751572326827079	0.27563211304625734	-47.01176052724207	179.23496572447053	6984.101116197504	-20.796887312523268	0.08262067103408954	-0.5395200842304725	61.29548091714435
-23.68672832445772	-45.375463294825636	158.9457193300516	-49.03558950616453	21.021743661480954	357.1708597645225	225.8664043016373	-0.5413930909782952	31.05053295489785	-7.688501697523733	12.680808592554932	-2.718326972572409	6.718319698845766	0.30824652874824143	-56.72300456385142	178.57095450332508	6634.810636206837	60.7760193311708	0.02939109558939697	-0.6087263325120584	71.16443737241278
-23.682115060101797	-45.37637660240839	317.7880917781056	-51.78432947092767	27.361822036838117	340.3282351504339	223.99162221396395	-0.5284251816795059	27.535682278932622	2.9340532709835294	9.147018290756291	-1.763836904246436	7.396824347369085	0.24952528670455212	-50.1426561308033	180.8979144459133	6069.064986561316	289.71801604243205	-0.03326233899065195	-0.47527930488417636	80.04675688615065
-23.680400105295497	-45.37733083624537	424.86366112944654	-42.48822790834221	28.897974534844383	338.08109570960573	225.30168380740304	-0.604764355771342	17.714013067845556	9.485542709957441	4.624258570251462	-0.7952535505664516	7.090700889726046	0.18203321212344567	-34.1079091543759	182.32978082262773	5827.0188835705085	406.3724930527886	-0.0616419215305753	-0.28047368070395323	85.00174798264604
-23.679076359301625	-45.37886338386852	501.00694952031574	-29.555964076430723	28.45199222015717	337.1585727209357	226.0944786967212	-0.4967822028978634	9.130813428214603	9.025169024362086	1.9745558797328129	-0.4026436522739618	6.575352773759714	0.1402577344207248	-21.272303790100665	184.80371685783174	5644.422700612531	493.89178923011093	-0.05405046034080739	-0.14211398815750992	85.37802736938463
-23.677670041905365	-45.38052657020039	591.4251245945039	-19.32410044912619	27.778147182724712	333.7168610809668	225.80959417348072	-0.3365996991876452	3.814690838631509	7.4529608904346025	0.7990079390684528	-0.34860208017457495	6.011803547939868	0.1279405671183522	-13.859496755823683	186.64004684602583	5511.133872729309	607.6944247295323	-0.04208224328645243	-0.06823831504609867	83.33132547742224
-23.676256618579632	-45.38214163046522	709.060467093958	-11.989736325966671	27.51433479021334	330.13906170748436	225.39848023803754	-0.25954775946779934	1.3600008048087808	6.832623955279533	0.36643651148478007	-0.37982539592141135	5.566934398323414	0.13316654164275638	-10.253560022155957	188.00892157738235	5432.118944892352	751.509312319376	-0.036383112438460624	-0.039683885814061765	81.36547816120468
-23.674666044724862	-45.38364272527204	847.8811122352759	-6.71223934072108	27.562378865210547	326.79668872603395	225.2047287154151	-0.2491224607169102	0.47115479534383553	6.780792781374456	0.24393934751272894	-0.3969203506414519	5.277519384120071	0.14657033882451465	-8.799018277086263	189.60849602734777	5354.987636261896	911.0372066700376	-0.03143879927996012	-0.034107998279392815	80.06661554632096
-23.672907636678847	-45.385018259182985	992.7511411863884	-3.231531373943241	27.74733382109159	324.0958926441136	225.23131723704662	-0.261469931792432	0.25568151601467193	6.463389994401933	0.25075645959503046	-0.38262248350558326	5.126621177704188	0.15266525209194703	-8.46321091199	191.73760119516746	5250.6864660199735	1074.5840776689286	-0.023597382144027266	-0.03710513343891714	79.35189446691314
-23.67110912969296	-45.3863751183915	1133.8105219115675	-1.4613195476016827	27.82331947216124	321.27361250369495	225.3165839291962	-0.26868616331478196	0.28672600593296593	5.348381321493403	0.2930638527098921	-0.3478514102629666	5.078976907021497	0.14067880562461454	-8.544535657170401	194.33966004983802	5112.181461872598	1233.158764993393	-0.013431856243177973	-0.04095788113932547	79.13120523092246
-23.66942438449737	-45.38778047383286	1272.8962823192928	-1.4504107371495358	27.640772628130563	318.0659721020535	225.405744847221	-0.2387767320182988	0.38362744425570483	3.0174234270871185	0.24576032204452503	-0.30865837126228113	5.060988101174349	0.10355091688547213	-8.454917575850274	197.10791236087172	4957.329333897387	1376.8332603854333	-0.002493592501287318	-0.04034727923606182	79.2817592091066
-23.668004045542215	-45.389056644913666	1417.4720776222314	-2.9674977888934535	27.231782501196875	316.79281782225445	225.63243134561307	-0.1294254695192682	0.43142572375708177	-0.9540298415711347	-0.03582945015367134	-0.28186232524563576	4.957646942284173	0.03703452895656324	-7.722834240400385	199.5069092832389	4836.196163125295	1491.6159014217435	0.007427530663559976	-0.03182408187047392	79.37237966917387
-23.666645402491806	-45.3902729162987	1562.1960346911849	-3.980735930414511	26.786794841404376	316.4152517991089	225.85438557406303	0.016014588057740725	0.6177189681034747	-4.828618531032624	-0.3765814452167149	-0.2344297234093829	4.792483255768087	-0.02968658377914682	-6.831447848470631	201.7223012748619	4747.907619058714	1578.1295934848	0.01084784695769452	-0.022546005780530287	79.20612468240859
-23.66506107089704	-45.39176175227637	1696.404516150221	-3.004878690529985	26.550514197234385	313.24296323323915	225.60100235219835	0.057272519530035135	1.158661193911323	-4.909590936282022	-0.5068765536301783	-0.10535094763545312	4.692079494998392	-0.0452517909040888	-6.476926061135142	204.43810236335085	4656.073627565919	1653.2295598575486	0.00030300029372167317	-0.019249901985384177	78.75980197610498
-23.663796786873494	-45.39334116083655	1830.4568662861448	-0.13979031491598093	27.200517431626604	307.5382459118636	224.45724334703343	-0.2609927777612644	1.3644335683386846	3.472251709908154	-0.6850386805357775	0.24487508307026057	4.664923474071207	0.04602823580590595	-6.435356950460331	207.28403472744168	4621.3946455408495	1708.6539996837	-0.041495985701429705	-0.019359251084484025	77.2413159278083
-23.66315821360867	-45.394603846303056	1994.3798763813727	8.224043372198322	29.672550442261027	297.3234592221871	222.96783304045718	-1.2892175696701256	1.087711469712497	25.46774481676979	-0.7584280621752013	1.1754710095556993	4.72867359261255	0.32430249186873866	-6.744904994389966	209.53205130534542	4646.372005444619	1764.8208782493464	-0.14338238507341786	-0.039913915525121524	74.03130244017677
-23.66138018845026	-45.396238934618594	2129.166945685801	27.479382557978475	29.685228178934118	307.10409170017215	224.45789515908547	-2.0129488078292317	3.676653418520562	44.27309632612342	0.9551998573786058	2.101926933229638	4.342383525440747	0.5318378708670232	-8.144791035350615	211.72567357538097	4307.404638417837	1940.0988173024684	-0.22412879709572847	-0.0832935130079148	70.71397744524036
-23.65903038861336	-45.39803484130932	2207.070056275802	76.4756882784364	24.538985462750016	346.54791929665424	223.83829084158592	-1.2674688739208548	10.334625580297415	35.08911146196237	5.348339496076644	2.200511105355179	3.529873001344876	0.321201957190202	-17.251818684106613	211.9654652982058	4176.065718647805	2146.160445573943	-0.1633212457307917	-0.25357304411387216	64.91727642450496
-23.656671698522583	-45.398458382177154	2285.9910302987664	118.23239922813657	15.563408153768169	356.514241500582	219.88966545038826	0.09172632795882886	19.306639800029814	8.863596231051085	10.257369599241912	1.7866488537654388	3.7170643969734876	-0.004757384324027461	-29.940412880038068	214.21217768703778	4367.688318688445	2219.7184376408177	-0.02475367579151368	-0.4719917330516543	58.52158158588663
-23.655156090603086	-45.39958452332407	2246.184602512697	131.21961917473143	6.211284579674653	320.63145482400574	218.54202712623908	0.4411668183030771	23.87070192917031	-1.0351775573320374	12.096379376900291	1.6976105686094023	4.055480824136136	-0.06824608060146961	-36.48062738605492	219.65045463765208	4298.698022618036	2263.27457703933	0.019784291805876607	-0.5618737263215856	58.3846514930491
-23.653619987524653	-45.40074132031556	2229.3490581361093	134.36834329517697	-3.01439699652581	266.39990382159885	217.9552162897939	0.4260848196201909	26.143568149524576	-4.410703118766669	12.917048864454785	1.5918494907772347	4.489336620295407	-0.04988293422103412	-40.4818972687046	222.41218112120313	4141.617557597202	2294.384048152585	0.03070618030312759	-0.6114631594916012	59.6536077897554
-23.651827497993757	-45.401865100621606	2280.705484039243	128.74964027302258	-12.985770435838823	189.99179272124664	217.5533140764718	0.3374985871625526	27.336522781010224	-7.324779319676108	13.012753818196384	1.3503497898182715	5.003939049763908	-0.025184311681722575	-42.703008659841416	224.5708504455835	3897.5512600704787	2288.9998673746045	0.036566169779348144	-0.6454627639246681	61.25219928738446
-23.64958080249065	-45.40260802666929	2299.2841315441137	118.97728797291802	-22.438345343563242	110.7441800861927	218.36922774569194	0.24706292591757845	27.995007770730968	-10.43414314801441	12.45407490560347	1.1090181742615626	5.3863689815649005	-0.0018054041784039236	-44.49803579357868	225.89398613006577	3686.6600247009983	2276.7787865524847	0.045578441886855586	-0.6462776996671823	62.8679968566597
-23.647960900469926	-45.40250226701298	2246.947120136322	110.83951890442353	-28.996920232717216	56.88588554980868	220.77251756432796	0.1857674784512353	28.023965410276794	-12.112167050208315	11.734951741081236	0.9292061947851167	5.492890517370015	0.008691001816384474	-45.77147552087381	226.61641204676036	3566.0451855712668	2234.7424026946387	0.055808596393455964	-0.6142594769136596	63.900402016871496
-23.64724919290785	-45.40191144628381	2130.003459197157	99.95038067935174	-32.75947085401266	28.480668673039986	224.2894316551974	0.13885632110472657	26.861304385191158	-12.911487735222396	10.73848713903411	0.7368100363084837	5.278626934371061	-0.0008127180975947695	-45.483242223806016	227.97657111118275	3411.681815381918	2129.2449056430514	0.06481245221704862	-0.5498607229469021	63.73413511218601
-23.647374705203653	-45.401092570331095	1946.784881439387	79.87257073691188	-34.339661884447644	20.949313580236947	228.7868195897796	0.08705307009687811	23.479560965259832	-14.033767653165148	8.924711800420564	0.48603776080062394	4.747761369383772	-0.0164980164805084	-41.80160042592387	230.83107317497704	3156.7353529722673	1929.6668370523562	0.07494620376383061	-0.4262462989875595	61.19902663514005
-23.647162092991547	-45.40000902456794	1771.7096911186482	54.462422805098356	-33.863675393537896	19.575154055375947	234.58222503042012	0.021409761982675635	18.382008053123492	-14.318230354244857	6.33914454454238	0.28297843994119193	4.095535403475575	-0.020230251940003274	-34.98034832866601	233.82369400011123	2852.627671219706	1726.3255775983182	0.07527685995927706	-0.27664031322333354	57.75796723886558
-23.64549701562018	-45.398286870846896	1686.9000443544855	32.39227102993928	-31.250042414658836	21.021178812098555	241.86252855278497	0.11403310341154106	12.712825134788002	-14.030029536116706	3.713913653193347	0.1329906957080318	3.239750939531964	-0.04169655535242494	-26.871848826926005	235.03375903243278	2646.4160781902638	1623.0415975320977	0.06325632359477788	-0.14697011632569462	55.437493694349605
-23.642486029617928	-45.395999329319395	1662.6687109936138	16.947193406523574	-27.640543006531246	27.664377950863923	249.8781063715787	0.3583076445944469	6.9014346826198105	-12.800639036838316	1.522405249641861	0.0896213232653725	2.0846344233459506	-0.10241829955263501	-17.91686218213397	235.29058986425434	2493.3283425355144	1565.5013352912729	0.044398932362141236	-0.04020188592767321	52.18290973901674
-23.639275489960546	-45.393847292038274	1545.8473632569794	7.481390941900905	-26.124075701110463	30.317129204549786	256.6241946459162	0.39939082212472926	3.1374393407675303	-7.4842166377013095	0.5196953847714685	0.2137261807894485	0.6895100365846605	-0.13973632234188552	-11.350883045176372	235.85878567965437	2205.9143394961166	1472.5803793073549	0.01715203560117074	0.008179341347625158	44.572595806995885
-23.636834688925546	-45.39208282036986	1337.4561994477867	0.9000333600758559	-27.87671446302106	29.119510013849634	261.775097511041	0.2690306753337373	0.47668199950070544	-2.072148895661128	0.5830728601210797	0.11382515551388268	-0.8562058456552446	-0.11313482884948023	-9.084312532223834	236.2308015370369	1944.675398737808	1333.8806074485901	-0.002132937441804902	0.003789396617701224	34.11941353953016
-23.635019868415284	-45.3902659753764	1147.59297596148	-3.967483202133142	-28.457655741843837	29.60802188159201	264.2268263807852	0.11124790950681825	0.08357295554071875	0.6239657823822825	1.5171390014750408	-0.09033884382505376	-1.9464413807707261	-0.05775499315117739	-11.42498065715094	236.48941972270336	1823.6040148155125	1169.6877523498065	-0.01304919586785262	-0.027608292494815834	25.979865632946655
-23.63338563638228	-45.38798944440223	979.5893526434314	-7.236020727971358	-24.11658092790586	34.46861311867312	264.88118117609883	0.052287469068955025	3.5507791954430274	1.0134912447675837	3.3787709067903853	-0.15543405168347607	-2.243181914542684	-0.04371374928090254	-19.098136464439946	236.90599497342242	1648.7720688285021	1025.6600165888485	-0.019331296569867557	-0.10309377364789732	21.485321680749784
-23.632056421875877	-45.38549932963277	818.6163386042695	-6.7819579670562575	-15.8527607129224	31.611191570076613	264.1555234483429	0.06188968861464249	10.696364910904437	0.14273635770775206	6.099815632270771	-0.0458543507077744	-1.5839047632575136	-0.06188681978630651	-32.24872826419273	238.16480313104347	1217.1893705726916	893.1787991383426	-0.021837225890233375	-0.24413118548237686	20.40875551852347
-23.629053909454033	-45.38312092680848	759.3662713846411	-6.324788889416595	-5.165912563459398	33.222999602361	261.04930036937446	0.06518169073795015	19.706483679282762	0.23626822541392578	8.344583632816569	0.15283781210551847	-0.34151976774930715	-0.05298928193221739	-44.431100132097825	237.90828475515332	798.0468387246424	795.4495503718783	-0.014163951887625377	-0.38592192733168795	22.376659527255235
-23.62657367030133	-45.38133927638871	776.5604758289505	-5.540740868332456	5.112927961226252	34.290204187478594	257.3291837412284	0.10327427372658322	26.76816932120375	0.7736307472391601	9.88502156934008	0.31236263492590854	0.852879009617677	-0.036142003520800256	-53.06059515797442	236.6437094024594	500.48468196688736	754.7145341914487	-0.00836139682378217	-0.4852006109688249	25.683732556981127
-23.626076361889773	-45.380015828090976	812.3820450707013	-3.9443810141622997	12.444354377704023	35.359614053780035	255.02978433643023	0.1499983797211143	30.528146001423952	0.5724637470605652	10.758193944268612	0.3531411195934632	1.6619808279708719	-0.015425098019159166	-57.9013520259857	234.4979580124974	327.83028257903925	759.3265978792874	-0.009034623636687297	-0.5343569803797111	28.711990951349556
-23.626496454486166	-45.37888727798413	841.8812456735955	-2.8551198580664767	17.429943127592704	38.17143173423105	254.21142676216576	0.17090920548272448	32.63203712532801	0.07931536447522691	11.098511508394242	0.3328762522488259	2.1649190496872395	0.005304619424335143	-60.34915841406804	231.7824061605724	228.18144478604836	784.6196722346581	-0.010010158371843719	-0.5570749639372551	31.246384353183625
