LAT(deg)	LON(deg)	ALT(m)	Phi(deg)	Theta(deg)	Psi(deg)	Vx(m/s)	Vy(m/s)	Vz(m/s)	P(deg/s)	Q(deg/s)	R(deg/s)	Nx(m/s2)	Ny(m/s2)	Nz(m/s2)	Radial(deg)	Distance(m)	DeltaAlt:Anv-Tgt(m)	JX	JY	Throttle
-23.681239510467183	-45.37913511214206	473.2182538573254	-3.546038435094843	3.892234002383003	319.59511575835836	233.75719002403025	0.034118699447188136	10.22577756128531	-14.862032517747826	6.431268169604331	-1.6662518994406823	2.721687798534784	0.0021133271514132274	-27.313551909727796	189.24800794028204	6142.281472109077	424.1033476731459	0.10633333959612275	-0.32042583299235783	53.10963359315076
-23.686883452460773	-45.37639745399658	126.5519195924469	-28.37441928862035	11.4115746600188	351.3139022875273	231.08651134762906	-0.3264785676734067	20.316959153692846	-11.97562776970142	10.63350644858283	-2.655619625591919	4.489026130368902	0.12205222907265509	-43.623672565304155	181.57582201221146	6666.575286735433	91.65558322135644	0.08211703138130425	-0.5021484215381179	58.22922819318398
-23.685136964308224	-45.37627214196642	113.58999994191845	-46.15919360382706	20.820147306564422	346.09624909204825	226.54303307017088	-0.43813408762412803	28.411802327283574	-5.018214088428529	12.340517203347705	-2.7011893335052894	6.462287662753523	0.1797693245454598	-53.597209507513234	181.16340931000232	6429.670429222762	105.95798837535585	0.026318152766977954	-0.5882766178772927	66.77724834280151
-23.682070255940822	-45.377482876402674	257.6113560574206	-52.467412188850105	27.622384226212326	330.2396629315661	223.8230635132638	-0.41032644830177606	26.577334905515897	5.8475835245913945	9.365854786700723	-1.8351418637520067	7.256598517232875	0.1599290816470071	-47.781512486432845	183.2017658892355	5992.645106415775	289.3833146432246	-0.038390173255118856	-0.46482411790392275	74.70407925072695
-23.68066594192315	-45.37836077237478	378.09922003002123	-46.59423142600592	30.920281439511186	318.7673272724527	224.69708157112376	-0.43694261868495504	17.416875227531204	12.816316812336407	4.734161599524965	-0.8860922816878835	6.961975647321489	0.10734352017437665	-31.985272545567934	183.45343590232557	5816.064292442423	409.79582280367094	-0.06930697332339532	-0.2618036280728339	79.68432952780248
-23.679516249377222	-45.379342487201534	493.8083095796138	-34.22287964264362	31.594225194572292	311.2849428892972	225.81022517748642	-0.37319766271545174	8.671007673868736	11.443906065216394	1.532682904061589	-0.44214779449662606	6.317305821460209	0.05763158373179908	-17.893722901321382	184.50086497441828	5680.332141359912	511.3421794370787	-0.05800116008670576	-0.10667603147073959	80.063792701794
-23.678077882106	-45.38071992908292	613.5920526832313	-24.709766322719663	31.038657337755456	307.4562885725996	225.54888912030512	-0.2722163914449244	3.4581566772117327	7.946538662988323	0.1700479163966806	-0.38830632105980273	5.692885658358282	0.036353598635847	-10.254597125664798	185.840400623402	5520.149578021429	634.309585610884	-0.03885766900369479	-0.02400765429155491	79.01679319701947
-23.67659866096832	-45.3821961418299	745.4461649846601	-18.459206448026517	30.2092497705112	308.3442088477321	224.86834791885576	-0.26215611758551594	1.2298564299186765	5.914875153054288	-0.24168391365041852	-0.4140530961628634	5.2275429664038935	0.04006200133274153	-6.95727958227906	187.12716299515745	5399.6710166713765	788.1171578643801	-0.027334496588038985	0.005431232847190742	78.08968796943911
-23.67517338466782	-45.383709945078245	885.5442591326575	-14.165252417568812	29.4248080831163	310.9759257591338	224.30666331858458	-0.2900046917902536	0.39140490761863944	4.920472174773436	-0.2950356681699473	-0.4133791759907141	4.94147174486628	0.05710435196326254	-5.887528846483601	188.8239377191066	5299.171445368638	956.3751270473381	-0.01852171731067595	0.009116340813227791	77.6850235019084
-23.673729774734678	-45.385268103063105	1026.7722904851978	-11.153386406047037	28.91984497675495	313.4349237014795	223.98330367723264	-0.29792770968813	0.12770928293701012	3.8910774944759723	-0.19901225292109004	-0.3657936429582704	4.817023092659941	0.06842833645917261	-5.926657097385078	191.01022629427118	5191.871801739313	1123.357807103583	-0.009768059545525239	0.0031988914857747353	77.84891874047443
-23.672157302388303	-45.386925830639655	1167.950664597404	-9.099714003110307	28.71946763498006	314.2765583230624	223.80594161232116	-0.2640120097753337	0.19203975370078474	2.1817541090894297	-0.07078096411573398	-0.27753740954889866	4.808423338774529	0.06046879563895302	-6.3699845100932535	193.59851325657525	5059.87666836605	1279.3333388742699	-0.001767271042493776	-0.0030722343548290065	78.58221815491126
-23.670455212702112	-45.388621836105706	1311.8340058829822	-7.921692599253888	28.742431449413985	313.84824558137694	223.72596588615832	-0.1873798099486908	0.5191858327935535	-0.33000241308925105	-0.02586480413319947	-0.17585694898321946	4.837207899793197	0.031169657841735237	-6.671737400040048	196.38263859371756	4911.528201431302	1419.2906208478037	0.004528339908882998	-0.005058748543139147	79.51575905939868
-23.668788302385725	-45.389961400839056	1459.58931698659	-7.7315433080265095	28.916546910525103	315.2579757867073	223.71719841582694	-0.08003615560639803	0.9567548333519778	-3.3029394633355236	-0.15992401122947797	-0.10311047719712015	4.782546761041199	-0.011062777255831123	-6.365443835808193	198.80965526652682	4806.532368985311	1540.1368849025746	0.007986179762900609	-0.00307968315813556	79.65270958295653
-23.667116293700865	-45.39074569698907	1611.2847266220224	-8.366406381154793	29.463478470556847	318.9903131851346	223.56574288882774	-0.007824491881317786	1.4787408373463684	-5.017194664706123	-0.40591044128922693	-0.05506619793299765	4.5873081418842565	-0.04298802415126187	-5.582840406537596	200.5868072928817	4775.495137005775	1650.8601715346206	0.005796639307372276	-0.0010897861799569197	78.36981017089832
-23.665225015438835	-45.391576139808976	1753.431986889069	-7.674672020625724	30.22201126759648	320.3841266472639	222.98337144907225	-0.08463903167526404	2.2333078298730875	-2.302605261115271	-0.47987639821462214	0.0764012753573238	4.396605739699602	-0.022377350814361763	-5.299328200190189	202.65701186969957	4735.373219942847	1764.122197078056	-0.010419326198448615	-0.0062106134893563925	76.45167539691437
-23.663863843593486	-45.392804487321136	1862.8734247589487	-0.4811364864138348	30.31942462696942	323.06729731392096	222.5015403276916	-0.5400188312071327	2.2033043737922426	10.345733413202009	-0.30050549903547097	0.5507974292797901	4.27722139267772	0.121513223563631	-5.93619705289402	205.83647869388344	4618.564041953061	1882.8230403630612	-0.07208342468278908	-0.022053984826549522	74.68258953804951
-23.662245500046552	-45.39395207277267	1958.7172983038008	24.022501642016174	31.78701773187936	323.8194749567939	222.37270210667722	-1.6769803721773653	1.0474810119972933	38.71075055008525	0.6625304603440032	1.7989754112625462	4.028061857052443	0.47605785329230904	-8.371744435190593	209.01821338875374	4513.002916753999	2033.5652629711851	-0.20990809039382502	-0.05401511675204487	73.9486363405618
-23.659850004539976	-45.39624619006905	2040.7608987890194	61.28064120784343	30.244496451103625	339.3483327654649	222.60884118032692	-1.8921214292666213	4.731415192224283	50.092521853503506	3.265467773793133	2.741325571396094	3.4928745901829195	0.5568032843072794	-11.93411350967096	211.0598091330915	4314.060282689331	2142.1712272719146	-0.25202511200160266	-0.12820463110970676	70.72995767366615
-23.657196166646667	-45.39776454157007	2220.5545868825984	111.54252075322202	22.763007460272295	370.35372766586465	218.2059948644562	-0.3807867623592605	15.47130653835938	23.053019211714144	8.71183955046708	2.394157359547001	3.5434223382488748	0.14766110360933948	-23.630105947492442	211.0361710475011	4357.729147864102	2202.95872904971	-0.09561752967595637	-0.38225719942480957	60.23161031940921
-23.656163733961527	-45.398608021394374	2295.8019250652633	130.60221286755686	12.563027176695062	349.6972460034799	214.80999893195747	0.3453349422106709	23.243539622943103	3.953486311074166	12.039611795528945	2.002359631985727	3.8532888137155856	-0.027166694539408662	-33.747337014583664	215.04012301688982	4282.911689486377	2276.2231374322896	-0.0013062085629924236	-0.5642968037068201	57.88349273335343
-23.654711551246233	-45.40011501880462	2310.940043775076	133.47569930890202	2.2796342362140307	293.45253421043105	212.48141416134274	0.42686289708301833	27.309353870355082	-1.904135856748387	13.384442022030097	1.772173177278425	4.440864546700111	-0.03666015102738709	-38.70161073972151	219.54376814863218	4094.916311301923	2316.2468331438486	0.01954853977996236	-0.6521687532352671	58.06473450476798
-23.65302141857248	-45.40117072769754	2336.6578145282465	127.60044321952438	-7.751820098043891	218.86417569063462	210.52298164652038	0.33649567044035306	29.101926455653654	-5.327822804727207	13.555767769205122	1.5199868564885268	4.879803032315802	-0.03212075428112796	-40.03371956382881	222.90042661317156	3911.9152407731635	2316.60409328937	0.026337590924074283	-0.69680348240721	58.536593908936325
-23.65096968651991	-45.40141447273873	2347.304982819436	118.41784400101633	-16.018594363278574	148.58620758675534	210.24675899277605	0.2068830028322739	29.26302046362694	-7.812178431997617	12.887762766165213	1.2992304853593934	5.118620138275739	-0.00658021084682834	-40.54966517374193	224.8572719132819	3738.9331744398332	2288.7723600181644	0.03614118587217189	-0.7017533538483277	59.459308234203654
-23.648950193073954	-45.401060945088176	2295.287553651089	107.04003644460288	-21.925471365415202	93.77513899080522	211.96669384189443	0.1065456026449486	28.59185973111667	-9.653591730913064	11.597264399461634	1.0900442242746975	5.211572753618399	0.04609450840558292	-40.849002811409434	225.5436131417964	3610.7221492559784	2239.698607257093	0.05220844063718623	-0.6599745325248956	59.66986383290578
-23.647407169138077	-45.40069326442214	2177.9182363674727	90.97913778655155	-25.20181672551414	51.97783868175594	215.0825323190832	-0.045132685301516144	26.382076494577017	-11.114733063615382	9.541529205736271	0.8244490831046565	5.15420830980893	0.10190921622592966	-38.971250668158284	227.22969948975302	3441.475599946263	2140.560596781559	0.07208962476990573	-0.5746756696151631	58.462684075547
-23.646396549335183	-45.39991308821512	2034.8922649341744	71.52178708340546	-26.55136747810691	28.17543082246263	219.22350625037785	-0.16557032916708997	22.920059481536725	-11.942045453765479	7.197414393270415	0.5461221672816223	4.711778038138198	0.1074747631470176	-35.36803065681338	229.30780549453124	3224.3347204533493	2010.4118297067816	0.08567214656794785	-0.4647686934748453	56.26910743762167
-23.645568199341888	-45.39818943177625	1911.3403312450705	49.588104710512326	-26.80946023104326	34.822922684143094	224.88119948848535	-0.05530555732092267	17.785591716774668	-14.391253394075969	4.537077914937006	0.2281987159358304	3.6947082413521537	0.03922510586936405	-29.563801137157352	229.49170964154874	3018.185793985969	1872.2368286842507	0.09493856739136956	-0.3305803349460711	53.46559718235143
-23.644403660254962	-45.396162504024296	1827.398236267334	25.834852272947245	-26.038972130885647	52.36056438950337	232.37435134560235	0.18147914404570975	10.848436957751606	-16.910328785010503	1.613437253367147	-0.07755533965823762	2.4244426675648345	-0.040160115781346074	-21.158734263014757	229.10526785268905	2835.184736394155	1749.130590225951	0.09237757290019419	-0.1777863113586074	50.05351365519892
-23.64277101858669	-45.39457412877996	1749.4356489827078	5.151391480260633	-25.578062514169474	47.90480217463076	240.16924100802908	0.2588321524422149	4.720297811725889	-13.399748215726412	-0.32587408453713174	-0.05222159559856414	1.3595548559591828	-0.0582577332124968	-13.464740939434751	230.6449500612602	2610.385961618993	1655.7459800092872	0.05670579531708366	-0.0465189877153078	44.345479406898306
-23.639794120342945	-45.39299001257275	1614.0990102202118	-2.883922520928742	-25.71603685314375	47.387571148875764	247.14864730513173	0.13584369773813876	0.7653727987925105	-5.993496142475342	-1.3368832162444937	0.18330618003465982	0.1299945243034184	-0.07281861476631868	-6.83715249975776	230.65064046631608	2255.769393078608	1590.2055623714123	0.011591731164200642	0.031049817073084768	35.66913134898631
-23.637214902159055	-45.39128040188399	1464.488264731051	-2.617661796873964	-25.93275196245995	49.886710259029826	252.32614077269272	0.0011605998167179	-1.245181590709997	0.5135122228479487	-1.4882600401897754	0.3938048742926121	-1.0058595389940033	-0.0975019685855453	-2.70716654828853	230.31509721909626	1915.876516999402	1496.2393644760705	-0.018092617494790686	0.05175315762804242	26.86002447030616
-23.635966897677733	-45.38962373411698	1322.4004786587682	-3.5086058171218646	-27.825973601895775	45.412329410650784	255.54801497329848	-0.02578325538929606	-2.033393266399848	3.302142537044874	-0.8494371628468835	0.2911065562196673	-1.9736039383279422	-0.07530245783364062	-3.624913527384088	230.8918034867297	1766.1660484845702	1336.5822173085426	-0.0234333991145096	0.02941049710600982	20.012110108726148
-23.634946345675885	-45.38767890210025	1186.177191671117	-6.092954562745291	-27.845756016388258	39.32711691402295	258.3332968261025	0.07325772424289921	-0.8368834963881469	3.9608469368613006	0.47864802314536803	0.06330770982019578	-2.679165741249217	-0.05863875311370185	-9.639888067126318	231.43072641804753	1651.8256018542475	1153.9220085198137	-0.01569563869907511	-0.03518684162362051	14.553065900486935
-23.633589117328622	-45.38526735020047	1040.0957500434029	-6.976354670947831	-23.06405656269972	38.12055875913481	260.39596516833217	0.2002189443833821	3.6648218218519126	3.338539483948974	2.74760501104708	-0.02978469642016497	-2.69810603530535	-0.06977537806315354	-20.186152618346085	231.88883712419076	1401.9436429644015	997.9493965868588	-0.009237245671935637	-0.14258811198676752	10.800259250227235
-23.63193659139596	-45.38287786946871	890.2280788327068	-1.5521167517106598	-17.265598439808684	38.49168569790763	259.622091035564	0.08238448428241434	10.903876891932871	1.7227204445888953	5.929734102571302	0.10834673637998028	-1.7356031961780536	-0.03751279179897642	-33.19877676907264	233.3339722862635	983.762377885032	863.0539133074603	-0.01619031443303337	-0.2673606540543874	10.595696662824786
-23.630427319579482	-45.38078478052965	816.1892334889111	2.609893890054529	-10.991828396470332	39.68250386877361	257.71941992336195	-0.04846222720534398	18.343974447824834	0.7982767133810243	8.65561618927423	0.2418826009416573	-0.5317124149263348	-0.008816237038164497	-44.24268251886527	232.72017114453615	702.0793380291898	788.2938680438375	-0.023000110371927025	-0.36686028969430384	12.583009855879375
-23.62932691474744	-45.379591275720614	790.9969535319634	3.785120943473977	-4.377008390533095	37.301103205946816	255.12131893234286	-0.03817593397094166	23.49909111078153	0.2645612886290185	10.200828867163406	0.2614714328395491	0.3770766882641774	-0.004672050436776699	-51.28908501558691	231.37716405719587	547.1164698039265	749.3221938669294	-0.027384794452822842	-0.4281623744922526	15.697278177758392
-23.627757014588607	-45.37901294689725	779.9311685051009	2.497926353381281	2.9371265488887124	30.417208568198703	251.70775684711185	0.07064801050518639	27.437316538037607	0.33429406419968677	10.682914878936579	0.2594307927080473	1.059184858362142	-0.0222716422253095	-55.56712651376503	230.36793139875186	416.19562035173203	717.2412567422075	-0.02516387547758484	-0.47455235500622284	19.907569517867344
-23.626850494143067	-45.37843545013244	764.5298644216283	1.2025956157774793	9.157423421584603	27.879434951808435	249.32576302351714	0.13728060651912644	30.453433888471096	-0.02190833819803406	10.726733510048781	0.19139274853151106	1.5932330472309428	-0.04356031922907604	-58.35009542368449	228.28660683308698	348.316193883134	706.1346739826499	-0.0204246333392298	-0.4994491718548979	24.212138416984395
