LAT(deg)	LON(deg)	ALT(m)	Phi(deg)	Theta(deg)	Psi(deg)	Vx(m/s)	Vy(m/s)	Vz(m/s)	P(deg/s)	Q(deg/s)	R(deg/s)	Nx(m/s2)	Ny(m/s2)	Nz(m/s2)	Radial(deg)	Distance(m)	DeltaAlt:Anv-Tgt(m)	JX	JY	Throttle
-23.681496356985708	-45.37880097847349	408.3530586944414	-5.356020124162928	1.4917120045484502	315.6180679024571	232.3348547474903	-0.030102902195984202	12.71764420078611	-16.448751392596	7.220249101254284	-1.811051222372849	2.8381504251347773	0.037766332262949336	-27.87281114084757	188.66985060611967	6160.935925969314	480.33798247328764	0.11101308552469392	-0.36668582605623223	51.1498158932735
-23.68762965033916	-45.37564881782168	28.60264305386977	-28.679292096772844	8.055791710256017	349.327566806553	229.9063491855684	-0.36035754480880555	24.08421908519388	-15.96659917204005	11.759927702806827	-2.798538185266554	4.49816689252428	0.16499304305829435	-44.774235896399105	179.8441462255173	6725.610603551711	164.1504343715319	0.09897715389381913	-0.5572409372726764	56.59161018894579
-23.686001160767116	-45.374881421232274	40.50758144538054	-41.59181363431351	17.46009463239739	355.47597491817464	226.08812079815766	-0.4038201259224438	32.87234854736384	-12.274116692099163	13.759275578558778	-2.7774829313619165	6.5172043428858215	0.18699091004495075	-57.18744302744608	178.33461866225855	6511.135924948262	183.3936849415593	0.059901024054648026	-0.6540864451469417	66.62634278597153
-23.682261356927636	-45.375770500873514	243.2984714858071	-44.037909598198084	24.0661444744622	348.65446785345983	223.83715056064568	-0.30448692545481454	31.527780808718557	-3.558904543511766	11.297693912481515	-1.8754097463890091	7.629088788126809	0.15449090234346233	-54.77299854819697	180.9841443391867	6052.411515873522	392.96363824036393	0.008229202843228907	-0.5575620856783228	74.43451632656335
-23.67995336441797	-45.37700087690436	368.52583206425277	-39.36147822607924	27.953158581101896	338.9193803238941	224.2088363694544	-0.35800837639286515	20.785171694690057	7.273043991711208	6.6221164069634275	-0.7398440903709947	7.396409271362074	0.1150352587423211	-39.07068805946785	181.2905206195892	5820.85096212927	500.88548056068623	-0.03338773393487814	-0.3369917299182922	78.97063679465175
-23.678715803436294	-45.37855095088888	460.8478213353202	-32.09348117699945	30.141840587360793	322.96037484491904	224.82074483100982	-0.3752306085597751	9.366965099040081	10.656458181064078	3.0127896531351057	-0.13805790751280084	6.662441725559436	0.0826815568832878	-22.741071662089617	183.10297156041526	5605.5344506343	561.8038550653231	-0.04102354778796134	-0.15001742675760382	79.47528580240548
-23.677684939680994	-45.380461587428755	579.6261803124459	-23.85192576260358	30.339712595378316	313.6648537247594	224.75256778733103	-0.3128869521388589	2.8809321105316243	9.111481153124277	1.3609049124630133	-0.0645065263858909	5.948804120503724	0.05378363804509549	-13.174147097006772	185.09471659930477	5417.593756916782	668.4271295526297	-0.026841782732134833	-0.05427227543801083	78.01843242713393
-23.67635553069212	-45.38236270090797	726.3748248608318	-17.060589845196628	30.024508702825564	312.6845641530176	224.19130819140668	-0.28632195641053704	0.5908800635805722	7.496627011776333	0.8413495049934543	-0.11828296302169163	5.382858402698519	0.04886722429039685	-9.279544066826489	186.4974795595608	5287.966394983424	811.7240059305783	-0.014165187428848482	-0.02144884871184194	77.20554854673338
-23.67479733503219	-45.38419299367209	885.1341619235184	-12.006786034304483	29.673877147361196	314.5815436605271	223.53753237998285	-0.2743354191590074	-0.08125793346622778	6.179901854118457	0.6656467297963005	-0.14861281203603377	4.967031806717295	0.06857442302633927	-8.225534956006982	188.1557824849726	5186.224462968881	963.8422720660612	-0.0034860760565967814	-0.014682102495525401	77.21044170425478
-23.67311946991546	-45.38593008735558	1039.06032758627	-8.49761573152357	29.462126338188693	316.78218702021167	223.09718417981418	-0.2453812642248568	-0.32155819587440426	4.565574334503889	0.5530106027927024	-0.13474726598502057	4.7133691968766875	0.08727960753170202	-8.332052819420117	190.36498228849732	5079.746574092283	1110.8612215924402	0.007116281880793733	-0.01663263913050475	77.68345374156229
-23.671366433140737	-45.387627311023046	1183.0993227214963	-6.410783147311822	29.44833578461084	317.50141170188317	222.94990898932755	-0.1942494142795086	-0.3976788132612352	2.4220123337133415	0.3902582320168273	-0.09067784025756816	4.612596729319269	0.08375217966661722	-8.64774433396666	193.00289546129682	4954.124904344	1250.790205138639	0.017412010383941096	-0.018661913115872203	78.42885835780046
-23.66958620959846	-45.38927848494793	1321.9062911228893	-5.553991928344907	29.712279800627076	316.61944231910553	223.07152681825698	-0.1209672873425737	-0.2789084903057102	-0.19908255918486073	0.12562544445850232	-0.03771763126023174	4.594615277180907	0.05175619859064061	-8.661885490564769	195.73413630808273	4822.99147500993	1382.8944435394878	0.025680552007023055	-0.016787964176635445	79.17040497301446
-23.667841227116668	-45.390598494049364	1461.1032328517917	-5.602144842382344	30.293925564345205	316.53166034404285	223.32059080989967	-0.033164957277433946	0.06973103166069983	-2.9081519248096512	-0.2133430207476854	0.003116253080426956	4.5236831385271135	0.0029309129643902143	-8.139880216378891	198.0492282211407	4730.924566757562	1505.1838673916786	0.028346131315758628	-0.011817596028432603	79.22536020560852
-23.666013881830622	-45.391456118869314	1604.865123386909	-6.204076287077321	31.082547793741202	318.1334520228586	223.3632400221098	0.014307075738758654	0.7304312074720052	-4.181942226822404	-0.49635896245840705	0.04108010443460184	4.317612965935743	-0.036414858054721326	-7.106492122128003	199.7995381646424	4698.654288666694	1628.57321011666	0.021680714998049626	-0.008055350454999444	78.17094434935063
-23.663830094088098	-45.39243469994295	1743.177516773957	-5.254292422105873	31.09013708537396	316.74832501180464	223.0573523770804	-0.0800411589940403	1.9275507714237126	-1.0226331929754169	-0.41480991354683816	0.16142137541872748	4.065269785080513	-0.026822682936885445	-5.978897549214839	202.02285673957613	4644.361345437242	1767.7601549011356	-0.0033428570371209256	-0.016974084275362344	76.60063237379194
-23.661821727967254	-45.3938760461779	1851.5962114820609	-0.6527179445883924	28.57806659771437	312.6621746570289	223.11879021474618	-0.533272007315972	3.242170055010197	12.48162972030745	0.14755130110887293	0.5273367608751974	3.7873666445091114	0.09940858293652136	-4.892745213483259	206.27638420814185	4423.663116528624	1939.6548419760816	-0.07960399309202001	-0.041796313107034855	74.68179955019636
-23.660284898716363	-45.39537015921136	1915.6370924556202	18.918485334841012	27.489146837691532	311.62930343812866	223.1027763422719	-1.477922778043199	3.1839925246685254	36.16681557646039	0.9600887504717579	1.538400605991244	3.4967825055105526	0.3819568209089785	-6.729809376650163	209.87782582936157	4286.785890561459	2101.667718225641	-0.20443782866558702	-0.061075565783301144	73.44831864552012
-23.658055780743002	-45.39732752235592	2035.411436081607	64.15819155227186	25.76403832840067	324.235456641478	223.25002968430985	-1.6680780156622235	8.05740630803939	43.318714183883095	3.7325840952522613	2.535413250246368	3.1166594296022394	0.45533062842709354	-13.9265814063608	211.30052200512938	4216.511576816027	2281.8452249887696	-0.2213180042235208	-0.17812447369753345	69.05668508295494
-23.655817449554615	-45.398594450819886	2220.1988466526086	116.35352804238535	18.729820964315568	356.4785024780375	217.74372122584396	-0.21142995507965995	18.647321823815858	16.496666976642594	9.0436233641117	2.303364975039113	3.1438199955299924	0.06255891426335797	-25.65195153248601	211.7918023577282	4245.047269343327	2339.3117913251917	-0.06379517588896967	-0.4326890472560251	59.11888816678152
-23.655615260191464	-45.39902540703377	2282.7287315986982	130.82606786399532	9.69583310753719	330.34811731345144	212.80587818975494	0.3322711227971494	25.661786298408757	0.12649218233965076	11.967860527533016	2.0575434207958883	3.433843707871324	-0.05134115516422184	-32.57621959559772	214.9302669537183	4320.1307630600795	2310.3901986221495	0.01416172608319721	-0.5735923769857388	58.484093767903104
-23.654839780023025	-45.40007478325925	2301.032274392317	133.14619617845017	0.30250111670540303	271.7488932955216	209.53086648117417	0.35378326285708045	30.001366937349484	-5.224915534474475	13.120611204888448	1.9068127416104648	4.067123992110355	-0.051859718846356116	-36.55316177691571	218.3156865895539	4207.129937094819	2331.514144673862	0.034485084094760005	-0.645706524763076	59.217089275374875
-23.65305839010872	-45.40100007348785	2349.452863452497	128.33903925394864	-9.702701806940269	199.41820927404092	208.40277073290247	0.3292489616755882	31.428662590072733	-7.852544022370799	13.39299976618631	1.5885326139250846	4.779562993701432	-0.010458734248754771	-38.67009489841355	221.74391864583842	4009.2389537657687	2335.515842282362	0.04090288488498173	-0.6837002875114492	59.15659306116865
-23.65070352680041	-45.40123720616963	2396.0323548303713	119.01819392677743	-18.522285818276217	130.65184253010278	209.11659284389208	0.3291973997007322	31.130823287448308	-10.593982161778571	12.854955414269138	1.2584769104180558	5.217470325929627	0.033366893563295245	-39.61778751384128	224.13649301005623	3799.459500052729	2315.8588547054746	0.049168109954173984	-0.6823139768969547	59.186900332232746
-23.648453789110455	-45.40086659525396	2367.2385150275522	109.40644253883181	-25.213205150128214	79.62771308463974	210.83411395963338	0.3322990098370715	30.59437360888997	-12.78329019818808	11.88081147389165	0.9674484652116302	5.336092287406644	0.06925926002719449	-40.36677412331518	224.92818352212151	3651.126686821552	2293.658168492831	0.06170874192019046	-0.6417195986192126	58.679826878998696
-23.64670602009216	-45.40032571307604	2272.5988945571917	98.11036681322913	-29.220943437996695	43.52250444133324	213.03609633381453	0.274997146257077	29.019651303612196	-14.33889766903411	10.47437057903321	0.6163529461473914	5.156966461277761	0.07847544067543592	-39.58799319451938	226.4621673818419	3473.402531514188	2235.725548057034	0.07665975916887993	-0.5723326793634663	57.0764716184104
-23.645275033744447	-45.399667385330105	2138.9254433642286	82.21830364271398	-30.522666995230956	29.37429574451852	216.26006486428582	0.1920193315912781	24.594300954939833	-17.14539533377799	7.950158513402471	0.09973548506944274	4.632144929968347	0.0625524792048931	-34.684493310188685	228.6745169000311	3274.3928323261234	2136.726729845989	0.10108371517022055	-0.4570526331046856	54.702939493171904
-23.644066357592337	-45.398402781617726	2006.8835814968484	63.0070859991319	-30.235512370709166	42.78203498978371	220.85134988834363	0.2296297738037575	17.758501720629408	-20.797922201471025	4.753503455506502	-0.45853176438218707	3.659329407949098	0.007379411153578635	-26.62691052743284	229.90122683052914	3120.9894352109445	2031.6661685120098	0.1233565228056715	-0.31146634738567236	52.04569276481444
-23.643826723818222	-45.39690280257137	1880.6317578522094	40.08080697603511	-29.90811086813175	51.38970197396742	227.03417787309974	0.3013393845710209	11.538607817062513	-19.823423523135066	2.1280283330828738	-0.5771554797509586	2.6991486811068413	-0.03752956859604512	-19.52654983982064	231.17682419860003	2937.9502395049767	1904.733422709136	0.11711870367050954	-0.1912301598597245	48.548691502409504
-23.64412956439586	-45.39540440744373	1781.1917641591785	15.607213536676515	-29.318952094584823	50.23373061264783	234.49049054721218	0.4361114208471934	5.8217407064905675	-15.408417405400586	0.3014809066796831	-0.32628145006363496	1.8477794298788002	-0.07874641341392347	-12.627473658216095	233.18273567166773	2713.832672510979	1773.345444502636	0.09219085437495057	-0.09273013029396265	43.354609901137366
-23.643377527860885	-45.393887732590855	1661.864155706202	-1.3909536329264789	-28.490471874761205	48.366345641941564	241.06938616909267	0.4476243625700455	1.3522855165142396	-9.49888365550528	-0.7025838737586882	-0.0033642379294248764	0.9386712574348666	-0.10113386546305175	-6.045487509526076	234.89972073372252	2408.155221840034	1661.0856832590746	0.06006346602030732	-0.026525199833265567	35.995781110899415
-23.64008742814262	-45.392064229625134	1521.1040383496738	-3.9687360720902554	-28.04128273286456	55.5507140495416	246.4653079416489	0.2715331498467496	-1.2141729710234674	-3.244219414566984	-1.1229494279334835	0.29129383694960215	-0.18268782876733303	-0.09995607076374516	-0.8097490135874637	233.7007717183505	2040.7737178221078	1543.0564826480052	0.022542442551570736	0.012038071420264057	27.063020702482557
-23.637184144651485	-45.390326162783985	1379.7666180763451	-1.620740993635895	-28.26931148071253	57.7152732854278	249.98452184184166	0.0809820469813304	-2.0357224401157943	0.5478277888022316	-0.7711225340609671	0.3608465913790799	-1.1523004786721982	-0.0612477262956237	0.8103137531071312	232.1209283308671	1806.5421506448147	1417.4632524025062	-0.001146718061281325	0.023620860578022734	19.29765462868275
-23.6355924080843	-45.3885756182284	1239.2539119701125	-1.8990749798473026	-28.959877190427726	52.45941485600406	252.3258557024577	-0.029701045593356318	-1.6370240169305443	1.920980931075536	0.25205902532619895	0.18786278144222412	-1.9501852356213636	-0.00707470123479588	-1.6210805592460673	231.84401293769199	1690.1307578429505	1266.8760311802905	-0.006186761645497434	-0.0021968749863873482	13.239935832565898
-23.634222699399455	-45.386377489006556	1086.9540659258041	-4.292693876660024	-28.213921916710888	47.56010494164917	254.8095478122068	-0.06464301641391193	0.3696978375869282	2.3278088162374546	1.8196099966008856	-0.020787352246081303	-2.577076653414638	0.033388833398405565	-8.166028959730323	232.17707242505028	1535.2297799630433	1098.2770009515577	-0.004561821255356326	-0.07160020827179128	7.919425528710896
-23.633358446477914	-45.38368302497614	933.2185696667357	-3.094706630397841	-22.879505451663146	38.417665687484686	256.983790979793	-0.013227024886232161	6.030148347278271	1.7106295408860466	4.322974239590482	0.008289827995167448	-2.3381534293515305	0.01980488478592067	-20.492727574018193	232.7692929240576	1215.7313251121882	961.549399490825	-0.003095629657887252	-0.19850428289634614	5.037154846530655
-23.63244208270982	-45.38104719425839	817.3872469101667	2.7407812645222123	-16.554665488437347	30.960094926199446	256.71625360459694	-0.06508796841829448	14.11753011410373	0.30310561674932446	7.371224758220959	0.1846988042150022	-1.2090682507215886	0.019176012768058488	-34.81173811207763	233.106898910011	847.5230985546177	854.6661794498077	-0.0065931768860959545	-0.3318864167831173	5.895057819199984
-23.63153207203582	-45.37920514841639	771.6934663095451	5.277807894029165	-10.64490772641016	28.764005219646407	254.9687605788869	-0.09099900307484868	20.70830896206382	-0.7440582333066651	9.649802119258013	0.20005445071973504	-0.11417618378729788	0.02844753637347472	-45.051064546800646	231.5336118012239	655.6963535203058	796.9301080909355	-0.01123021401685163	-0.4126101230516267	8.347255027986897
-23.630872640525837	-45.37815630551037	767.1161606900515	5.955814903769808	-5.248208664154316	24.090846048985355	253.07925055600396	-0.036098458430492655	24.69850477533368	-1.1330686347895655	10.904791664361827	0.13194431356497793	0.6507155458860927	0.023485062501937215	-50.91111141961378	229.63436563372312	521.6255131797038	767.5810191456927	-0.01617480003204526	-0.45225730350219207	10.909730454928052
-23.629793225162352	-45.37749393075186	776.3222490682334	5.111599930038178	0.3219619510439573	17.341389392414783	251.0242125243724	0.06726878875962229	27.46095422365454	-0.6476324480378083	11.395524851262433	0.08481635862749551	1.201313664916321	0.0019891412630553724	-54.2217041207081	228.0586808228522	402.4828725284151	743.1197385639744	-0.01802262014537342	-0.47900079033929216	13.806976855117384
