LAT(deg)	LON(deg)	ALT(m)	Phi(deg)	Theta(deg)	Psi(deg)	Vx(m/s)	Vy(m/s)	Vz(m/s)	P(deg/s)	Q(deg/s)	R(deg/s)	Nx(m/s2)	Ny(m/s2)	Nz(m/s2)	Radial(deg)	Distance(m)	DeltaAlt:Anv-Tgt(m)	JX	JY	Throttle
-23.68642557254736	-45.37542022426625	159.55547744317784	-45.724672945012664	18.25111525145305	349.3575603140742	227.96375517040465	-0.40253612744590417	22.132072214002378	-4.824601090503842	9.064081971169271	-1.9698922558443912	5.713496735477478	0.14745421424219096	-42.431170502637386	179.36099508919665	6488.636776597325	133.20709802545525	0.131883886295919	-0.3570460247462094	50.72400307635104
-23.68531648208628	-45.37592104533036	217.6724023030541	-43.974345771989555	20.144689382623493	347.6637901728336	227.6733385354277	-0.3875343457607315	19.849983155902795	-2.442648278639645	7.7452335624595365	-1.6904990921874796	5.805047914363823	0.13561502097605976	-38.49013643954447	180.37038291643373	6364.36017655538	193.91435359621005	0.1003850483137333	-0.5593990572248588	56.95001907998714
-23.684348383291837	-45.37654109780935	277.81669030318864	-41.21625293558473	21.44503438307385	346.29790005159754	227.3507343887213	-0.36251747714589927	17.56034466757687	-1.1350680669492406	6.656858651414157	-1.5001953161350159	5.793266628467019	0.12628378057467954	-34.67567448000314	181.33809922238885	6255.786886984732	257.1732875497286	0.0402536435204707	-0.627987438103759	67.70509248143416
-23.683447876454956	-45.377236161639196	339.7196379480158	-38.26092122114238	22.378021235212252	345.06346204418554	227.00869190969624	-0.34414230000650564	15.59798989671699	-0.28263121796970025	5.815011025693159	-1.3700480521326914	5.74142502604908	0.12094628674599021	-31.412938760901035	182.1702629673796	6161.846350543752	324.98344619121775	-0.0333578388332466	-0.4633003460400416	77.8781414808005
-23.682568145476225	-45.377966881529716	402.860008411251	-35.37799089481793	23.066789856143462	343.79642793405026	226.68717456165152	-0.3341587581221694	13.97592450268795	0.35194462520062025	5.167959989031796	-1.274319120541622	5.677155451108447	0.11881924167821944	-28.743124117147236	182.9515775409953	6078.007968972717	396.26143274555614	-0.0617078913614799	-0.2399413586023599	83.04080403931005
-23.681682366295924	-45.378711392632255	466.3990368304647	-32.66712311835121	23.585621908516057	342.39387405785817	226.39947283773762	-0.32894243909146426	12.627636333495845	0.8131204062338014	4.666552807743271	-1.1971641628742222	5.6134284161767365	0.11792527974644167	-26.59076290153998	183.77236668853132	5998.9849753817225	469.28162092272214	-0.047748416120356	-0.0869633234315907	83.05495231314538
-23.680205406696626	-45.3797220655031	553.5896412745965	-31.998402861194144	26.153385965601878	340.93142500657814	225.41662935419853	-0.3498582703588729	11.504403099941994	3.0224105625101396	3.986961531602583	-1.0412047774566866	5.844298889939753	0.12248932974763042	-24.46334097958054	184.7731402646154	5851.3572929305865	573.3978527371434	-0.0338990058889669	-0.0169323743096435	81.20118452359202
-23.67799497548275	-45.38115367630821	691.7198547861615	-28.012042418666624	27.841126636647772	336.52998341249986	224.7566964158484	-0.3171914275001519	9.060532086001	4.600301681728032	2.7944090915506363	-0.7814327504659672	5.856664018487485	0.10754595489691535	-20.452076375607213	186.8526189571465	5645.633453780067	726.6860478546546	-0.0276059159797126	0.0027389320475922	79.56769735562254
-23.675995443675934	-45.382689902789345	837.8886335601758	-22.42786405493498	28.568835153286262	333.3123746348811	224.56664357548556	-0.26565874371904796	5.8721876439054785	5.025258709866094	1.4484542524094153	-0.5473389984097754	5.647434508759091	0.08305149062865974	-15.387490105631798	189.03124296183438	5473.014304980226	883.1903102415135	-0.02152766036425	0.0005312033986679	78.39581507277086
-23.67430851975385	-45.38424117772008	979.1692259916714	-16.791022278493397	28.713779555131772	331.2344509645261	224.48563342931834	-0.21019498465792089	3.1985953757317214	4.051714438519534	0.5042823022458641	-0.42571944804430906	5.363525012053857	0.05990219209737565	-11.052632678426496	191.1189720797136	5345.841102231372	1024.5252796510474	-0.0141816356914764	-0.0096695744538872	77.6831540909973
-23.672684585097237	-45.385823738854924	1120.0164465075036	-12.116314228166427	28.71495579063433	328.67679614906615	224.14148181582786	-0.16449035694666808	1.6719955371388526	2.8825918107275403	0.09529911128666321	-0.38135784290969965	5.110773986338588	0.04620118516215873	-8.344678768955784	193.23238500895613	5232.542483314253	1159.499054579443	-0.0060425511186014	-0.0192904288078484	77.40621567679105
-23.67106220640496	-45.38737190176131	1261.1397316812381	-8.286170320255534	28.887720166382444	325.21083735830973	223.58727198600837	-0.19200838500207876	1.0903344604824121	3.2616745642976746	0.008970485920335596	-0.30363289240485936	4.91671125585692	0.05224431008146715	-6.94854521525325	195.1441487105149	5142.469479137972	1287.3836354847576	0.0038038093123288	-0.0197111612147476	77.31332740676605
-23.669408207058442	-45.38884090000915	1400.0986411386152	-3.751834107699915	29.33040486355631	321.30690972444	223.0256722305462	-0.33151055224054327	1.0082463916275148	6.058176631050609	0.06990576867467777	-0.10263053717683632	4.780813384638842	0.087880631476057	-6.500318623343377	197.00887011945338	5062.837624612663	1409.0606413716419	0.012212276459309	-0.0106703470073068	77.20141473098462
-23.66773453701229	-45.39030911978098	1531.8756977223607	3.8201655804649475	29.43730438875371	320.54740415103777	222.6939997746757	-0.48741240258496443	1.531478407905985	10.01814971847099	0.46774340672174014	0.17787515568022105	4.625516935211761	0.12998912345433483	-6.955424668528567	199.03058736116648	4958.045756043111	1537.5653158156988	0.0096841477489735	-0.0055821477893486	77.08029461057006
-23.66599680429597	-45.39171525344773	1666.9342399398745	16.2017805542083	28.690915505331645	323.1572685776703	221.9701801256944	-0.49219809702185113	3.1501748274208468	11.425025787443841	1.4571642291639926	0.4299321668926298	4.492109650257674	0.13283192643384348	-8.867325772762324	201.00344613533366	4866.318934203523	1664.242935797009	-0.0076438279159547	-0.0090238448607573	76.22856512056342
-23.664300856857686	-45.39302620262181	1796.2300784155527	30.415392694617662	27.172821752192796	323.8594528327895	220.95430591685994	-0.4263460694224815	5.4874638246019645	11.21012401967259	2.727095726439152	0.6590766562765206	4.40385091233962	0.1190865395227478	-11.613705880405718	203.2547441459505	4774.052269169262	1782.5041595135594	-0.0620721358315451	-0.0248912956627781	74.70230518317743
-23.6626572774455	-45.394317074924395	1910.743848394181	44.86288279112239	24.776470050666063	320.0612137205111	219.85478044855455	-0.3522846734085351	8.196454431714036	10.688028575938397	4.096451378882851	0.8668540434519972	4.375612537827521	0.10622894589698209	-14.777520615948609	205.6594439186522	4678.460001979034	1890.5149868886	-0.160003262225736	-0.0565138153216309	73.65822046117138
-23.661004300125292	-45.39555719615926	2011.5290613276088	58.76614469604211	21.453379724605714	309.63439587347625	218.7261891566589	-0.2867165907055601	11.101010817795403	10.133333737098237	5.485991674238152	1.0480999107490458	4.397531717177866	0.09969236453981621	-18.14020489621411	208.14054035815207	4581.2363019216045	1986.002934213799	-0.2028060072908115	-0.1567575605826886	70.81479453731723
-23.659225781493745	-45.396727466328024	2098.4238262128138	71.66708394296862	17.152659031965403	290.95119350157603	217.59625220840553	-0.2437261623536034	14.06793134824681	9.532027172086226	6.812864343489357	1.2074483070395943	4.455769730523644	0.10193109497720962	-21.668566054625096	210.63272487892291	4475.183365817637	2069.9815311629645	-0.0623290361727028	-0.4344392160812549	60.674369141933525
-23.657396638185872	-45.3977438849392	2166.0772944194055	83.48679191258034	12.043633908786905	266.1594603096598	216.64268883882158	-0.22142167693038478	16.88165410441082	8.760672551320358	7.996855294917594	1.341505874087765	4.5329448206779634	0.10845028176274416	-25.23537069626724	213.02214410021642	4361.775013144796	2139.2665526971396	0.0137787966942307	-0.5924772096945267	59.30324221792784
-23.655640771325217	-45.398558282837925	2206.5266624745263	93.67461424142174	6.40759649859977	238.13639593587277	216.11390612952636	-0.20500612701859738	19.25824348405329	7.3999381917203335	8.929889526467502	1.4346916476016713	4.614360130812465	0.1119059577190693	-28.56444118307626	215.3668490903718	4231.118713870331	2187.392250145711	0.0300310098666654	-0.6672205017512568	59.59075608375
-23.65399926298145	-45.39913952241268	2214.1590143119984	100.90629941558738	0.39638274073432456	209.66847247783843	216.2053110913102	-0.13831926263130884	21.097850392628263	4.615808629806837	9.593654229079897	1.4422556138310438	4.646391201057719	0.09559409496695406	-31.3768538224446	217.85821026990388	4063.55819521722	2209.6587007035478	0.0352710266625279	-0.6959665835265346	59.50475977671964
-23.652467771176546	-45.39946093485812	2192.411410919599	103.7773248474787	-5.886677528892831	181.6774680105445	216.9168404677123	0.03175354197754242	22.428263139981855	-0.28705627269269857	9.99894934875844	1.3079449115562134	4.58957820880604	0.04523102726785884	-33.390492016450324	220.426102962152	3869.9078066538905	2202.9394701200117	0.0421700352109182	-0.6880302585431622	60.3507959059916
-23.6509183025516	-45.3994511912518	2153.1804831505247	100.79889995371767	-11.698052105631687	150.84239993831355	218.09392115318332	0.22033493867146164	22.835943150354577	-6.153498008661507	9.851386446726078	1.0753252517450236	4.503452475402164	-0.01370257618017708	-34.20518681545756	222.75455898610667	3690.521005511884	2160.567468913861	0.053422918092193	-0.6487000438368787	60.88631402961876
-23.64927537060398	-45.39916616417615	2094.243842512437	91.06006184155243	-16.449737361762665	117.72856599960475	220.42611617186063	0.2733534037551668	21.624172350382604	-9.316038346530963	8.860673383103805	0.8562522666536975	4.311124992943876	-0.0371896016157173	-32.895017939359334	224.8495662336667	3492.970697226613	2097.0685478212667	0.0697232193745025	-0.5648435492023193	59.81741960288005
-23.647374150993958	-45.39864147576267	2022.7789481231462	78.50893931813941	-20.324960395521135	87.38926533855309	223.76301017797732	0.2565594119450611	19.28526696084653	-10.207973055546649	7.422702690491758	0.6788938131243324	3.962495357120825	-0.04711164821247605	-30.07377513765792	226.32708354733063	3284.0855861715586	2018.390370305059	0.0852279435576401	-0.4312741079075692	56.70307126067971
-23.645375413206274	-45.397827171896594	1941.4015406147269	65.20989446974521	-23.2161256102486	61.9768498654686	227.6787640579467	0.22089611693489464	16.41303762474812	-10.093628396385624	5.852547787438494	0.5370739302321754	3.453547459888187	-0.05803592563009939	-26.47144056361849	227.4076565147439	3068.484089300379	1927.9249318574991	0.0843693749928761	-0.2923382245961801	52.84145059389013
-23.643468299888575	-45.39677641325092	1844.6779409600276	52.06057567233027	-25.17541918289706	43.069258134049086	231.92731538081276	0.17963260805461584	13.345965254994676	-9.384647702665365	4.360074589102499	0.4143647987649953	2.812110160993319	-0.06945397161724076	-22.77936976459322	228.3524742645831	2849.6326778705366	1826.852869865504	0.0702425309934085	-0.1833046331415481	50.44023484259117
-23.641725696418852	-45.3954873252879	1731.1440025279578	39.47301506945952	-26.27399307828522	32.00460363275162	236.43278261161328	0.1474230527370554	10.332034155331453	-8.172215354970136	3.103144500985454	0.28899419091515427	2.060706460985741	-0.07931952394968526	-19.539492973089374	229.23446599718733	2635.341414099931	1709.4714632537434	0.0468844723700367	-0.0792961552066243	47.84202863961572
-23.640079277863187	-45.39396486299152	1606.1725337285084	27.487483671842313	-26.26130247840597	27.09831593938369	241.06843933795844	0.1363912447583598	7.822238039545658	-6.66999880393242	2.2171068628285644	0.16801952778872054	1.2719992960167867	-0.09177778281765397	-17.27270514563055	230.012790147614	2413.6678507885326	1581.0684411604293	-0.0003767818051595	0.0058933252760292	41.43579410314208
-23.638440264489052	-45.39225427834311	1476.5634366619538	17.20689658253052	-25.150710758735016	26.113550151864956	245.37287108546988	0.13351538166264015	6.289565619813791	-5.092997411442866	1.8657992502539558	0.07690085112440179	0.5563825219492998	-0.10465691140237239	-16.466606258584736	230.70102027815113	2172.7906525352537	1452.5048299917385	-0.0300083077141925	0.035156890581244	33.908272260178286
-23.636734067249392	-45.39045001031589	1357.2982607393337	9.65274320111162	-23.270587303327027	27.40530286412138	249.03620432379898	0.12288895368818761	5.911285688367812	-3.53632384217624	2.0054444030621257	0.017374181779784236	-0.008419469443084226	-0.1101583941391884	-17.21324512644547	231.08626692307325	1930.4836527600116	1337.2114973367522	-0.0324083282855787	0.0156381430478819	26.70444453491843
-23.634989682226117	-45.38865135261899	1257.0096822058024	4.824752767540289	-20.866916474889877	29.769061277477352	251.97087275955317	0.10343832704584385	6.563992661300023	-2.116767060061148	2.494889100350606	-0.019460379717101205	-0.4110564942003473	-0.10678948306512134	-19.256622118070105	231.1206410474254	1699.7877837271037	1238.6537666125837	-0.0217450387584764	-0.0404698928708037	20.1505929363095
-23.633347917761483	-45.38690883070571	1169.269570300157	1.9913965350078437	-18.018949309205095	32.46126349646367	254.05773005251385	0.08625885561200206	8.098456011956246	-0.8551402706717566	3.280064653290176	-0.031296965425223415	-0.6751225950229253	-0.10122023799916875	-22.38056546159455	231.03470216183723	1477.8648607989112	1149.8675408439728	-0.0109871659566852	-0.144960080916205	14.037288960388118
-23.631884016928286	-45.38528128855988	1083.955891547214	0.23139551540331044	-14.639850339953748	34.37807875068254	255.10451747531405	0.07017493755591359	10.553488805771398	0.30811471775119886	4.317026725552585	-0.023508773774383856	-0.78507675016781	-0.09448024815818325	-26.628456929078936	231.06283603813228	1260.873128758662	1064.8638708625126	-0.0171626661603576	-0.2675548061960534	10.389697114758434
-23.631233498454744	-45.38439314282642	1024.7776868894305	-0.6712919873088534	-13.413382878937082	34.48678471044676	256.00275771753405	0.05479606505351267	11.673112130055188	1.0206455010943265	4.966307892527572	-0.027797616935718854	-0.9468632073398228	-0.09088975209596999	-28.868187141143885	231.3534153469066	1148.0523350463332	1014.0383257893874	-0.0230872093028149	-0.3688673339176781	10.332487692686882
-23.630714819306505	-45.38347855873829	965.6350368946107	-1.493377211655786	-11.982807461757345	34.6692453080572	256.5299617665925	0.046982271017089135	13.324962957796508	1.2057844659928836	5.805698116963939	-0.05578860465833635	-1.0158897169067749	-0.08441956241092938	-32.11255823214907	231.70956851246916	1037.1498643269651	959.466491496956	-0.0223173844952016	-0.4368611103232348	12.226405252828044
-23.630178430112647	-45.38251969439155	911.3999679343044	-2.08091152538244	-10.14279023048068	35.38288854810647	256.7640122325894	0.04318607459887797	15.50510439595268	1.075745358220361	6.769572160617008	-0.08627259035551797	-0.9741670092806896	-0.07698294209062873	-36.195236687108604	231.91758515039788	918.1329153379938	903.4700043547847	-0.0225571371382644	-0.4810959704031326	14.826776260879504
-23.629654339234023	-45.38155639200529	864.3686992826783	-2.0412078770436666	-7.533344898280537	36.81443187822556	256.612566069211	0.033527580036599135	18.248511355976106	0.8007810712014455	7.831639937027941	-0.09150990219971183	-0.7678773513408195	-0.07197862707387355	-40.78524926905607	231.9426724426605	779.3817248216436	855.9584776312546	-0.0206929802108167	-0.5231964400518961	18.371812700643403
