LAT(deg)	LON(deg)	ALT(m)	Phi(deg)	Theta(deg)	Psi(deg)	Vx(m/s)	Vy(m/s)	Vz(m/s)	P(deg/s)	Q(deg/s)	R(deg/s)	Nx(m/s2)	Ny(m/s2)	Nz(m/s2)	Radial(deg)	Distance(m)	DeltaAlt:Anv-Tgt(m)	JX	JY	Throttle
-23.682853996046493	-45.37712976337794	270.1244366518606	-36.66185243190383	19.05228292094253	341.9007050066081	227.4104706223864	-0.2123509003655883	21.483611758385585	-3.650201219451238	8.896110071729376	-1.9743343324967568	5.716620274351595	0.13634490181991699	-41.78934374809211	181.86376206869517	6232.611942191953	245.8970913591741	0.1060339504718775	-0.3449828710951252	52.40199941986082
-23.681917889031222	-45.377465695395735	310.08701309341296	-36.18582629899	21.126898564485888	337.11005653489093	226.9722717135032	-0.23251457051786809	18.98164495505421	-1.0726472458208025	7.632624129176979	-1.6974546254624052	5.876653981276128	0.12957049534261714	-37.91013596273158	182.29892910931585	6159.643093922362	286.0309676141945	0.0746277377293785	-0.5377445361492339	58.20279147952426
-23.681077640106345	-45.37792485238018	352.8911809488756	-34.33536648759849	22.622993758252075	333.7807420886949	226.68735503223212	-0.2328231187356375	16.4660906796898	0.23267949944464	6.555930791976654	-1.4980140215183066	5.916153500293281	0.12014880433758283	-34.073453689149225	182.94072390044497	6085.126551351835	328.204380047251	0.012659469364085	-0.6262142563090295	68.74144162195157
-23.68029933801889	-45.37845867289959	400.44453820484637	-31.905636390748107	23.71006003203015	331.4618074583329	226.41844667268774	-0.231866456061657	14.352968328510388	0.9694355924418767	5.711185692618467	-1.3552966756483331	5.886441931511108	0.1127117577929492	-30.829720336293565	183.61349476310326	6016.504041541795	375.75235474521065	-0.050315378871312	-0.4920646082278641	78.12959257138283
-23.67955238524296	-45.379033478805646	452.9379364771045	-29.295263507315074	24.53563899330579	329.77258755662064	226.1562993663148	-0.23452036227157283	12.658267231892147	1.4410487543384376	5.0547266684398915	-1.2448930339993103	5.821460302935001	0.10857765507348922	-28.21158402835085	184.3211342618518	5952.898395259256	428.8222143143753	-0.0815862008912915	-0.2703367155161901	82.68123698180943
-23.6788206758092	-45.37963224463038	509.172303736559	-26.72546125105493	25.20832849020657	328.5475330032773	225.92804045949237	-0.23777424134809805	11.305461025443856	1.7116345049422477	4.542909929875315	-1.1517678569637329	5.743234587385132	0.10657619348813699	-26.13535046850842	185.1017812808725	5890.484824645381	486.1227229904451	-0.0685128604270416	-0.1073776187566739	83.16514199817814
-23.67772783770462	-45.38043379587062	582.2203401438571	-26.24698170626192	27.950499188014977	327.72115438225063	225.00342709721318	-0.275139531788012	10.078532252680265	3.599916516949146	3.8630902775715454	-0.9944923255924552	5.960278908973722	0.11310605551208903	-24.12085424885562	185.82192587207808	5790.267051055578	560.8209296907022	-0.0466833949582468	-0.0321749255054095	82.76842508085963
-23.675922350784624	-45.38167146774562	701.8619401469765	-22.94367094993226	29.907331027192054	323.00350576798127	224.3824298370705	-0.2688313139051266	7.798369150357092	4.975200846647805	2.7568459955538955	-0.7329423361110246	5.990637878616423	0.10341342501461112	-20.506055576282655	187.70620235534312	5622.236750527678	684.4940426453547	-0.0338550682752694	-0.0097970706375527	82.18772952688103
-23.674214689280156	-45.38301650954834	830.8851532736146	-18.112293596804438	30.85110610824096	318.7276170603566	224.25609773715905	-0.2409941565625445	4.820521909617029	5.217921010620276	1.5130075837094075	-0.47358372217597033	5.79568684054042	0.0840993366389029	-15.912491223825597	189.77309476689152	5469.498974762207	817.166491468313	-0.0251296223549672	-0.0092889689337043	81.72877382516731
-23.672788443285867	-45.38433090800618	955.0930145100116	-13.041574706876128	31.157368128076303	317.04727444416653	224.44533152079734	-0.2106277917595873	2.198905527559263	4.081443736551117	0.5757403952507604	-0.3026406723414144	5.4850600737719075	0.06218056538129142	-11.760213366801283	191.73654897333913	5347.035968830326	940.0159241984086	-0.0163626061410093	-0.0167563859165326	81.45894189651925
-23.671445115887	-45.38568925286528	1080.7529510483557	-8.812423748387904	31.16915007705549	316.9605614412808	224.56250662374964	-0.1755490776134135	0.713562075165892	2.2530670518222276	0.1023061732976656	-0.22470247847881356	5.189036174241336	0.04176362757923687	-9.127435028406754	193.83155831442014	5229.3005573191895	1062.5449347357398	-0.0075528782469469	-0.0250737996757835	81.45108968966863
-23.670102576821787	-45.387099756293104	1209.5940387964824	-5.682441961923985	31.107391131995723	317.65533527825386	224.49111026317914	-0.17182206429557056	0.2475115526046018	1.3417721266262899	-0.03536960773297436	-0.15739400198194226	4.947724215334288	0.03216362791360835	-7.951303603887856	195.91112392530675	5115.560555709164	1188.2379654348993	0.0008982621496176	-0.0296535972380823	81.64849471471204
-23.668712749082015	-45.38852531922913	1337.9466896891404	-2.0881115357066458	31.17344878106664	319.1712935415263	224.38220641067284	-0.257679344133079	0.22560081936809198	2.8606211244031563	0.035217203580422324	0.0028028025350714802	4.751852651227335	0.05157251514964285	-7.685014998035432	197.93141285615334	5005.806157795861	1318.3520504371086	0.0092857154881749	-0.0287738052484337	81.51074739306091
-23.667099090183918	-45.389930060150135	1466.7465717272448	3.8583063994468043	31.29936132154172	319.2477587205901	224.26945088474605	-0.43699780633811336	0.4812047574565261	7.078303700609129	0.3040471029508945	0.3111270493630255	4.579062423116192	0.10098820486002855	-8.000561713842918	200.18828247899364	4893.664919385576	1456.748279165067	0.0146548703609271	-0.0255121292555948	80.43808690353957
-23.665532416800364	-45.3913585165949	1595.9457715735466	13.25729344271814	30.84100639739724	320.41228185932493	223.9083573599139	-0.5561982133547669	1.5553008451444155	10.665494307731459	0.9423065560866111	0.652971345523286	4.4173980538232245	0.13147117570574599	-9.11022213650019	202.5464327722491	4780.31536512821	1594.2825077980683	0.0078717298308156	-0.0272116228887548	78.83199052130568
-23.664061048023207	-45.392677284663435	1728.1723551751475	26.275822626223952	29.59296354218385	323.33318772957404	223.0452116103143	-0.5309070737657006	3.7938381377367234	11.343433376554744	2.0984524111915643	0.9193692428740261	4.311742177210734	0.12308890255945157	-11.467084266065099	204.66807742582267	4686.283469459445	1718.2366531345458	-0.0233883431726754	-0.0297235859939829	77.04673715241191
-23.66260640519613	-45.39394812475502	1848.471357643592	39.923050962861325	27.282792629611514	321.9393717423136	221.77263342349744	-0.4743029477977577	6.6140417679527985	11.039622762089536	3.4193456021034736	1.1469803886457697	4.252183871840144	0.10790192248454082	-14.41091852239659	206.82990030436835	4598.204488379142	1834.8838925471268	-0.1183193525801482	-0.0259959515267415	76.56286959236384
-23.661118604349163	-45.39517473908542	1951.295370272176	53.22859346844923	23.826580983030116	313.8623703231885	220.13818010960722	-0.4298873440400306	9.726342912938849	10.624239163179656	4.787089170405867	1.3432401135368572	4.242142658257452	0.09738880502776967	-17.595598360485432	208.97350428798308	4519.29612474636	1943.6968673433948	-0.2379913620941678	-0.0903995713784329	75.9928729256032
-23.659597069105796	-45.396278830197865	2039.4291527998562	65.87910953546323	19.51006517066173	299.07635011820855	218.34896617065502	-0.4009476331159022	12.92226952491325	10.323986023465162	6.166208140122642	1.5068882537564456	4.265240473710382	0.09452023015373495	-20.91156886812469	211.12288956690668	4441.7007976501545	2039.519800052019	-0.1924939611888046	-0.2852077118210705	68.29508401316738
-23.657977161961604	-45.397266208185656	2112.8882103649457	77.28235335489015	14.646246261004682	277.13702608960267	216.64256050519572	-0.3835669749656847	16.036623802253906	10.044989697389822	7.503713315708227	1.6315230049311054	4.302685334150131	0.09824444864018406	-24.3946644740954	213.4128198407172	4341.357137234978	2117.9809076317347	-0.0329936097353894	-0.538012459772417	59.17344074392888
-23.656288618345577	-45.39809983480749	2167.248541328191	87.1468896910549	9.346911797596118	249.47922024985033	215.2139375767562	-0.3658512692815277	18.91311946400683	9.40473210457678	8.71038701517737	1.7045784157291302	4.328942410138952	0.1028050475168331	-27.9157163225242	215.77832029566835	4216.824897983088	2177.331085287796	0.0212223580271674	-0.6383731362477971	59.049294323063975
-23.65456636762343	-45.39870703330632	2200.184118956874	95.22407690842209	3.727207966929689	218.59929490657697	214.2089678246137	-0.33011397920631785	21.32262193350767	7.745417526524255	9.646053098418822	1.701654411669176	4.323850916658959	0.10081086227862182	-31.06947208521293	218.07915554627812	4078.559615428408	2216.873159765113	0.0322582083888973	-0.675786725537734	58.59672322145645
-23.652841275104574	-45.39902462961037	2214.2082755743386	99.87790357036133	-2.0703963980457005	187.81340965500817	213.7086231081301	-0.21494511101515693	23.06767698365215	3.614791286005784	10.133551256263381	1.5509989478598478	4.25320017099123	0.07098963516588204	-33.261713354767494	220.1917623954862	3933.559302332325	2231.462776957508	0.0412615031268957	-0.6787653803329027	58.07891172212379
-23.65136672162465	-45.39903512502672	2204.7284384095506	99.12067580818467	-7.899952069682632	160.267626207423	213.89668571087924	0.00226389838407465	23.970678467660527	-3.1447060764440957	10.14015620609039	1.2328030775601806	4.1069849595323005	0.007652890845822072	-34.3099106411174	221.91965001810263	3781.8532220646566	2209.4754428879705	0.055904192312351	-0.6525330280457399	57.76597097355871
-23.64988061712753	-45.39871178706744	2169.754718049201	92.32828135329615	-13.18117917727028	131.92837501449392	215.217384748258	0.16765765711774133	23.46040534979555	-8.747186364275723	9.552227412933549	0.8980117730578414	3.8922737463214183	-0.03863579139370387	-33.886840211170444	223.41231690985688	3621.166236887183	2159.387734476764	0.0719570241031497	-0.5935351397319317	56.61966625001244
-23.648275872845893	-45.39821100895962	2105.3442256165354	80.22665428756909	-17.786273242023295	101.36675760050892	217.79487271633724	0.18498843995066058	21.303493718914872	-10.670293809392852	8.290598272589893	0.6598903329569642	3.54663908203055	-0.045371319653820484	-31.57665577094472	224.91430816182688	3431.6775290181613	2096.6806873763353	0.0880287137501904	-0.5024009976269713	54.56349642173258
-23.64662040456856	-45.39745410382677	2027.0073011354332	66.67840217706298	-21.37457846138961	74.89461445557257	221.28167974897684	0.16172606133436676	18.283121521301034	-10.797317300904211	6.797443726586198	0.4826449834759795	3.071526993061199	-0.04619729744533653	-28.16726470191498	226.10595113666378	3223.132168015312	2014.9122855971443	0.1085318036184319	-0.3679634457992122	52.03617204913608
-23.64501008572394	-45.396430939726805	1939.1419341907472	53.11186200220154	-23.929188693602352	54.95490557253544	225.4537878236694	0.138262733840384	14.823917850393888	-10.13575271699459	5.289865782628001	0.33903877960132894	2.458484958012675	-0.04955519239741262	-24.319175123918885	227.0838351312287	2999.119664539857	1913.9181492744851	0.1037602471772013	-0.2207127816389132	47.90423167025033
-23.643472082938622	-45.39524543004825	1837.6244974501374	39.929806430162884	-25.83218292955788	41.04251592564292	230.00670738802	0.11550476871574418	11.242317455811397	-9.108608084994378	3.877823055336358	0.20037239227719997	1.7316425125737887	-0.051343649980003556	-20.62174898310481	227.88391203993086	2775.5934362504986	1797.884177779976	0.0624002453277201	-0.0911140899202193	42.13873346715393
-23.642039465970395	-45.39391125924734	1723.3229956748546	28.044976582391506	-27.030670283050586	34.16527248328215	234.66063586794934	0.09572884259709	7.9433972053512765	-7.8468053639145054	2.674188154831844	0.0754015460690617	0.9643432603518596	-0.05036437750558907	-17.481397113981078	228.39952536157602	2563.4146772938725	1674.2704355258388	0.0124521943536085	0.0017683713071363	35.43336083626478
-23.640706839133088	-45.392397151019466	1600.4390248641885	17.712439265332055	-27.171783842615877	33.48083064116852	239.2877406953233	0.09409506632290203	5.354578729852107	-6.430046993094264	1.8245458500424392	-0.018040538740525094	0.2330066468560607	-0.05154718331648743	-15.409149593382233	228.65442770479723	2348.7976767699934	1547.6989536459791	-0.0201864428968114	0.0388066542255513	28.61976327461555
-23.639396999786154	-45.39071908046305	1472.736381847805	9.310221379654177	-26.30472582052161	35.706905438138975	243.53799515678347	0.10098846178465341	3.9296370610884397	-4.9295267610600355	1.5267686630710113	-0.058170622287516224	-0.37629403053876775	-0.054691142109645464	-14.92660808646868	228.88802757051525	2115.240455618183	1419.91307925512	-0.0296934964222076	0.0315327061608194	21.687561976273606
-23.638050346371053	-45.388983276420205	1346.9176101366127	3.100118861308498	-24.633557371385066	36.683343343202345	246.99558810850255	0.10031400694603672	3.984317722102771	-3.153135854781802	1.8474899291957811	-0.028058105898727082	-0.7908393206419146	-0.05486053047996402	-16.293270848257034	229.23973683747766	1867.316482670048	1295.3187114985485	-0.023347837404428	-0.0005585215307033	15.773804845911243
-23.63657747592258	-45.387313920674806	1229.5371374729486	-1.0055968799669361	-22.074217854292282	35.34228323714815	249.3732912088987	0.09610151221704936	5.3743687900767805	-1.326624743072871	2.617890595016129	0.035499444134509416	-1.0076323547664667	-0.052125592147343816	-19.180896509661597	229.56134852205417	1620.3781652194934	1181.7876049091008	-0.0146404365348664	-0.0578216885375483	11.258612245690934
-23.635109563313303	-45.385708048040776	1123.2603597293319	-3.213137207684741	-18.743170924755912	33.670627913743786	250.63726801911176	0.09198441682454564	7.7873062726830735	-0.0295514106153665	3.6852133550307826	0.08087891151207374	-1.059177972229621	-0.050377148277388116	-23.198176779577008	229.6348458361228	1384.8150862543266	1081.9486013907574	-0.0042664942370918	-0.1652594697016901	7.282998374765327
-23.634402385868402	-45.38487549374973	1059.9067862813677	-4.189239145546834	-17.795874890023185	32.843483616845546	251.7061719675812	0.0845204552291583	8.658511215811686	0.8899181551564728	4.218934124433414	0.09329620069618269	-1.2353419400776584	-0.049017389769970846	-24.896193608050183	229.7760549837481	1261.621578755626	1022.7986367191121	-0.0042504312404284	-0.292850342321498	6.148425992374207
-23.633736754358274	-45.384033799408805	995.8627451362105	-4.802548346452613	-16.586243444279482	31.975458569288975	252.39916765177557	0.08290655911212835	10.06263239880214	1.244778631222924	4.947025067702441	0.07165609583825087	-1.3310115607323136	-0.04590195975465292	-27.58029819133743	229.967485858013	1143.6066918569418	963.7850689950812	-0.0056064117921861	-0.4017078245690951	8.739385248589123
-23.633069331702416	-45.383170405722545	933.3450019260671	-5.303872182716115	-14.87413813802099	31.088220079560603	252.7739392938586	0.08828256988299847	12.009776762633894	1.0999201157376604	5.820107078464192	0.030082317111617858	-1.3133946460914259	-0.041337563028409866	-31.241603481886756	230.15030962528644	1027.5260376009533	907.0221326620647	-0.0014722168809224	-0.4779485427223067	13.268623969043064
-23.632332663315804	-45.38225064542536	875.782544966317	-5.398520665062738	-12.166959433240459	30.995811503133883	252.81754862400763	0.10274636261993227	14.603360551924608	0.6450944088373859	6.822475606904835	0.013909119418404503	-1.1353427240777008	-0.0419907403748214	-35.696667147592244	230.28762956239737	893.6824636551406	857.0727857043757	0.0022573642203751	-0.5139758547257279	17.36833063019268
