LAT(deg)	LON(deg)	ALT(m)	Phi(deg)	Theta(deg)	Psi(deg)	Vx(m/s)	Vy(m/s)	Vz(m/s)	P(deg/s)	Q(deg/s)	R(deg/s)	Nx(m/s2)	Ny(m/s2)	Nz(m/s2)	Radial(deg)	Distance(m)	DeltaAlt:Anv-Tgt(m)	JX	JY	Throttle
-23.68553973959974	-45.37706442532732	213.30879414080945	-35.750755723131405	18.21592776404477	339.0328529830382	227.15775774474005	-0.5113328487727957	22.77497762617687	-3.9074558671853303	9.61711761225243	-1.850175675962592	5.533827347707524	0.18328609384152397	-44.173765884924606	181.4158472232628	6304.885790171978	203.5995380156368	0.1203467136417693	-0.3522649511867332	51.67065965201659
-23.68446082542943	-45.37748100243302	263.5013620578569	-35.31497073891332	20.422952409371707	336.28228909174464	226.81021207011858	-0.4830046954497201	20.200987705210327	-1.2209602836524516	8.301608146873333	-1.5552378765395165	5.666350651329054	0.16647989732664717	-39.94000117952274	181.76463233520278	6220.296218846494	251.05939113470012	0.0865039060018491	-0.5539715291887095	57.79717102453765
-23.683501660082296	-45.37798282022499	317.760539023616	-33.919077863136216	21.988383235704617	333.53859644297955	226.709692182025	-0.43492198278662414	17.685779893107632	0.17798804284652928	7.184766379917279	-1.3497656599184302	5.691431491627308	0.1455879879296221	-35.75898276264199	182.18447065727815	6145.157643313777	301.86056408609824	0.025651508141413	-0.6384521568860068	67.71820815261232
-23.682580560173072	-45.37854368434848	376.8451197257542	-32.05245510777797	23.109139861654274	331.24527641209323	226.65355335024066	-0.3951812578315273	15.589945785509661	0.9986133611885717	6.31086561541947	-1.2074623046327189	5.666171855772967	0.12794618758590173	-32.236913024639	182.61715124282122	6074.0696178992	357.44244730530227	-0.0360207549069351	-0.508791770912186	76.29376295428784
-23.681662595235665	-45.37914032542896	439.3593088774596	-29.91316343672605	23.936557124558075	329.450200324759	226.5918224767596	-0.3689189988699339	13.893284083190743	1.5528034154205288	5.634203331014643	-1.1033986785374448	5.620147480602025	0.11628445974319655	-29.44506423116886	183.12036920670894	6002.699999134349	417.37880582922367	-0.0692948446512332	-0.2832246012526158	80.74620259698439
-23.680733637193928	-45.379756581523	503.2926564937754	-27.641541079084227	24.59964398669816	328.123925422591	226.5261195358024	-0.3508848405318502	12.516396756456382	1.8983267408159457	5.108135771226104	-1.0208411141598936	5.572257574484093	0.10979254959777865	-27.295502351152145	183.754930323593	5928.190596443286	480.37729228867266	-0.0554880615528043	-0.1159431093276131	80.73104981273237
-23.679344132493725	-45.380612423532156	591.2284615239143	-27.142831271262015	27.406297282594483	327.2304153488547	225.73286862514334	-0.363160764828353	11.322341825539244	3.959163300261943	4.418426344074717	-0.8477720554996783	5.836627960541387	0.11021178112674841	-25.32211069895263	184.44645951213812	5798.669979831334	565.4224099667065	-0.0326171904765378	-0.0383201882333189	80.04185691838916
-23.677156182408048	-45.38184962908469	725.4712415768306	-23.743334301738873	29.5220296909742	323.97629401685646	225.25357830927788	-0.3154067108068229	8.902196498850449	5.37911851692636	3.2447237351578906	-0.5694137310060143	5.9196880808480605	0.09282098998037827	-21.52253184127857	186.29649069292438	5602.986514122158	698.9236707290304	-0.0204399075494669	-0.0150045840203318	79.93451391372373
-23.675005270672756	-45.38323886800272	864.0763466966321	-18.97927860616542	30.692671194579823	320.9250997975811	225.29597257090003	-0.24610714668670486	5.773292697524487	5.771398959842983	1.9749477605229189	-0.3191584270309429	5.797208251393775	0.07188187873269104	-16.753120594415872	188.19122187221635	5429.682364428851	839.7510923451721	-0.0124578808263769	-0.0149177812990257	80.3123017686474
-23.673073393567257	-45.38463719447896	996.8656130275403	-14.159364762904834	31.204698145559625	318.843123291768	225.62760351471806	-0.18130357737915756	3.0823100627212563	4.931872223923177	1.0002822848962187	-0.1752412316176552	5.568709307860185	0.05060776809683555	-12.502910717538771	189.85968610283135	5296.974146641697	976.4627746905983	-0.0045813689394351	-0.0227207610384181	80.85296673124017
-23.67135345927774	-45.38603165451438	1132.8146777548986	-10.066049264493879	31.375333062400063	317.7367800158993	225.8084919712653	-0.1272600947310021	1.5421322652983478	3.405239715515087	0.48966755473160395	-0.12061393682540873	5.344957213988169	0.03296017247265707	-9.774951360736988	191.679799760582	5182.734090705347	1112.9372542184028	0.0029410364486594	-0.0304537853498889	81.47756449810899
-23.669770247891556	-45.38746966289125	1270.6042401979048	-6.853246768096673	31.434397614486386	317.6292557239789	225.64362773919544	-0.12643562601530428	0.9806586760886091	2.902364136022113	0.3102355080347352	-0.07262594438687026	5.162038896395819	0.03420510255277557	-8.414805182393554	193.61062085771897	5084.052356830665	1247.737970764395	0.0095090044964017	-0.0342058492257375	82.100670822393
-23.66824051082044	-45.38889236093935	1403.0414880919875	-2.578225921584739	31.521741476592865	318.13536186370067	225.31405221419627	-0.24466716113247583	0.8223696405277273	5.104376386845189	0.3118290516088371	0.0867722729346749	4.9970563715597125	0.07056337049391062	-8.001603706055167	195.68642127533468	4989.821791083395	1383.1731040531276	0.0146279036649317	-0.0329266214077708	82.19886086434617
-23.666850163206014	-45.390267679367184	1524.8815329180984	4.9325072578890445	31.321974688393947	319.04011887147465	225.00079092582055	-0.42384775678389514	1.0698792615393034	9.219423320561429	0.6132903492572189	0.37897968380157865	4.789224227362967	0.12367222930990214	-8.44705235045191	198.10337753741032	4882.555157363187	1523.8334989516604	0.0145117858482718	-0.0267262675305741	80.80406239698677
-23.665499129569877	-45.391606304613674	1649.0782387744475	17.182221216970383	30.404908110492364	322.7526903851537	224.35858079878176	-0.46300440766549456	2.5320744178444556	10.861975038799416	1.4849054256028296	0.6543162832846262	4.601712504945665	0.1379830312010117	-10.150260315083282	200.61396505055814	4783.349735950874	1656.2024506412563	-0.000849023722975	-0.0182401142136449	78.07894481566042
-23.6640330731638	-45.392901265256086	1769.5526294958145	31.145526622637703	28.513644931587017	324.2929597692022	223.28958323144374	-0.4096253434264838	4.941233489659867	10.542197329300137	2.6722485842895396	0.8884196835186783	4.446709511906439	0.12504388551547002	-12.65735043803374	203.21569218559472	4686.962979913411	1778.43054590174	-0.0523608663650771	0.0013464557569826	75.18754500660833
-23.662571322499012	-45.39419469699087	1877.6210276713996	44.98062539516103	25.596602872340554	319.6210067695092	221.87034233898467	-0.35434313879928725	7.77473277998199	9.812534516024987	3.907073444857035	1.1060017851889716	4.319074421082156	0.10697098219932896	-15.476471193262688	205.8087800465245	4593.001098991526	1892.5540715679188	-0.169815665449054	-0.0131037893940103	74.3522962976758
-23.66109733084863	-45.395430199780655	1978.5349469520636	58.23725542387331	21.724055235890624	308.1857705473347	220.27292542286085	-0.3159198486814526	10.728281366301127	9.163929537363654	5.113617214939542	1.2953380616269707	4.226999159371784	0.09307450834948898	-18.427579258277795	208.32368964606243	4497.051028242206	1994.9292221416922	-0.240098584375516	-0.1372286396837367	72.06729133494977
-23.659610482181577	-45.39653417794491	2073.7672784829283	70.70019433667707	17.05203031976965	290.1529186430637	218.7017568168107	-0.28536996076963284	13.60646165356099	8.676023905350688	6.271491923405128	1.445005703249739	4.17291083368025	0.08542075251275819	-21.373854257984924	210.85537362763316	4395.738520008521	2079.7165581457593	-0.1042601386100561	-0.405759973567862	60.55030018754991
-23.658082948565504	-45.39747376933051	2154.2764062453775	82.48308494589264	11.774360935689625	266.6967904322579	217.32151498907032	-0.25810755423050835	16.38254872486406	8.300588645718129	7.3633981667855135	1.5631364155936718	4.1551317515222745	0.08575581499850946	-24.399312750779448	213.3743757378896	4286.324526756845	2146.778015252947	0.0023476845896153	-0.5641392290221069	56.94514720446611
-23.656498183567592	-45.398220996268876	2210.4194661347296	93.13988586121445	6.05513118839718	239.16874013886417	216.33308851812143	-0.22352973259512346	18.968003130605045	7.554884126911688	8.307943436722812	1.6466015867706667	4.163216827500568	0.09064392165597208	-27.493174796452127	215.8003806360261	4162.846120703211	2194.7761317917366	0.0322403843136477	-0.6240235749213638	58.03540365188013
-23.654824765564452	-45.398708412719074	2239.7359048944836	101.68352790784354	0.17317410546336198	209.79411363866765	215.98335290933147	-0.15072765430116059	21.099871042495216	5.415423218752261	8.94760724693905	1.6574158081737824	4.1372472713117805	0.08416073002778665	-30.207505844922917	218.0630566764265	4018.2773064739804	2222.579130659836	0.0402335289862196	-0.6585674585794838	58.89503216913816
-23.6531677356373	-45.39891298679875	2246.158627956215	105.77512025128951	-5.80785539129335	180.86525106137216	216.27513753680336	0.03601371579839661	22.673148295558427	0.5034527987170364	9.194386504371064	1.5228775181380143	4.030638803433987	0.042948719111267	-31.948110229998385	220.0825328743104	3861.0274916670146	2223.698148471217	0.0434554899936064	-0.6712132269634662	58.38571984946687
-23.65153635094271	-45.39884773726713	2233.795795011868	103.1481302184786	-11.489674447915668	152.29897542937948	217.069637502465	0.29175984261127	23.358392408428262	-6.132152487213332	8.928681635779743	1.250935521587873	3.884457431802327	-0.01833313472572817	-32.37953103095816	221.85511019332358	3705.1549440353506	2188.660787647641	0.0508345879720287	-0.6458690319886812	57.45142641344695
-23.649983017109328	-45.39854170512358	2194.7745675888464	92.89538086528714	-16.325004945666425	120.27444265656634	218.78383034518183	0.4119952461290336	22.30609515878168	-9.797687256820177	7.928228630540692	1.0074351268267352	3.655505165315927	-0.042986687690753825	-30.954017482822472	223.58120083024377	3530.044636388022	2134.1583165837305	0.0677608186653208	-0.5752644416921816	56.35563324082084
-23.648504875512742	-45.39799603166672	2134.1070791413954	79.45631695543757	-20.128229735298778	90.40199749700537	221.49376282880922	0.42585044260584537	19.92394350186684	-10.764203250387679	6.5110441677149185	0.8257601239852308	3.3130342529407253	-0.04222148495418311	-28.071461086759037	224.98592226692585	3333.313210853665	2064.044655100632	0.099938285830783	-0.452386516076776	55.4781780687863
-23.646907806270143	-45.397146319272636	2058.6623199302635	65.80887424624429	-22.97953093931899	67.38344841740908	225.01001751268973	0.41168133295291015	16.90471612262769	-10.557428902086704	5.025338930781108	0.6721966785317345	2.8409411167649847	-0.036316213486211266	-24.376961416923553	225.99462977433092	3117.5562429510564	1976.4237165720108	0.1229505427907137	-0.2944499686655836	53.16018345167155
-23.645331196152334	-45.39604489356708	1964.4867601700585	52.539332650244276	-25.0578772990427	51.018527899413584	229.00332579050792	0.39170940475917826	13.714191168998983	-9.915231488110889	3.62629913951782	0.5296673767397244	2.245476125832293	-0.030245491653101038	-20.48750572584181	226.7202518768899	2906.1077318533826	1874.5491361794052	0.1117117446950771	-0.1411774886115923	47.67872759449957
-23.643786956857845	-45.394746380172435	1849.9793438383308	39.80540780850354	-26.54541360852209	40.93440917014269	233.28468474389985	0.36331778794476943	10.6648027437941	-9.079583807847593	2.3881460653670543	0.39469922344189695	1.5362256923706648	-0.02326738193826048	-17.037797636198384	227.12422588581262	2704.327927407593	1761.7557085939711	0.0749026619844906	-0.0314099484034167	41.42111122545786
-23.642259054038753	-45.39327555600716	1722.2288794795847	27.60268531463921	-27.246374583678296	36.178591515474764	237.7183057441677	0.3334566312446515	8.023568931984006	-8.14465314333233	1.412972432782769	0.26948589099398496	0.7645812868295756	-0.019539075198308577	-14.492141288641898	227.32569098295124	2496.992846080089	1639.3255445633156	0.0314563940163038	0.0248996051402939	33.241457814847294
-23.64079169194035	-45.391641856828436	1587.5979414982694	16.730284331136975	-26.920355127901956	35.44964339554531	241.97990683330485	0.3019370986089143	6.15697465598243	-7.070037133847434	0.8827100068022544	0.17229809292550555	0.03180655344590333	-0.022888084354946017	-13.281553787808395	227.5241995320373	2268.8628648643416	1511.4422795848693	-0.0030757841372772	0.0415063038445193	24.05195475928009
-23.63935679680862	-45.38988316165144	1453.7563676486034	8.4771289424764	-25.806462649702194	36.516206597356756	245.6341934613607	0.2518142581109049	5.482493535685108	-5.61240591962626	0.9772488406633822	0.1338612093433108	-0.5351353927368088	-0.025603478099356692	-13.846723752343518	227.79463067025617	2022.5212044965588	1384.7649475875546	-0.013909301653423	0.0290803001540647	17.493850165720424
-23.637913297709577	-45.38811848923635	1329.0917717949083	3.198476514178483	-24.034485702628025	37.25773492055869	248.5376404119425	0.18132027657812205	6.012144968351885	-3.783251725876864	1.6372334306324663	0.13646104125711916	-0.8906304459753762	-0.020963073589916417	-16.106411043645195	227.97986606489673	1779.59546686065	1267.633681074436	-0.0102477761995116	-0.0114486219729207	13.224772832953697
-23.636460896123083	-45.38640981456335	1215.9144935417023	0.8483223620909726	-21.708520530367558	37.55966989962252	250.77661849115435	0.1012729238137654	7.498647935951015	-2.0254320522022566	2.6763784910898307	0.14637126533308975	-1.0602531457349862	-0.009959887050993651	-19.654588852317513	227.8402900143886	1552.6409209523176	1164.942632056494	-0.0024157764625437	-0.0898414943700736	9.87246278327538
-23.63506927846492	-45.38473540656835	1109.9914121416627	0.6633361963366552	-18.99402535714378	38.75050322127525	252.37824474500536	0.023051315823998133	9.7393285147471	-0.7064358814566278	3.956867205454903	0.1410055200891142	-1.094496058380691	0.00263957727147096	-24.195015559471628	227.31650451377476	1346.1982223356158	1073.3772407380332	-0.002091109663664	-0.2067992835897192	7.853069954167218
-23.63419574998417	-45.38383981193986	1047.0169237374275	0.9542096517218719	-18.173644403557752	39.40437096275537	253.49314502444136	-0.028139114825460793	10.77764446473535	0.08783794963631772	4.61039526253449	0.12928825130306648	-1.2346077721205948	0.010752204879489123	-26.417263654982705	227.07050878277914	1237.28422965007	1018.3627110203075	-0.0104387336111288	-0.3249956238289618	8.179195327591593
-23.633506894896804	-45.38292599015525	986.1818643942768	1.1586469479459944	-17.113772970529887	39.273523110137866	254.3242299125086	-0.06099773041483296	12.328893340165815	0.3523699087254134	5.430021345208999	0.09364216626567828	-1.2829408004737672	0.018398979108815626	-29.663333865458245	226.9069098396953	1146.7911467670947	963.2437628277868	-0.0167649006690838	-0.4075200074748759	9.751342662860814
-23.632905992117617	-45.38197356281557	927.165711764297	1.271406703821485	-15.576887248405209	39.23342733456758	254.95944422201845	-0.07821205802249598	14.350175498242606	0.31218398728468716	6.384647465437616	0.058917678394279534	-1.2297639217550649	0.02227211079790186	-33.785820962643896	226.781397289752	1055.7383065007637	909.171681773829	-0.0238332033448778	-0.4519794148132879	11.795027618453028
-23.632369662037764	-45.38098838342321	870.3941477559953	1.7352913979889217	-13.234355384844237	39.77297931703789	255.27284590030123	-0.08694084063920123	16.884020078327506	0.11934418094011412	7.49014937150249	0.04994290504203941	-1.035754680264041	0.020804374833492432	-38.545897436815075	226.69163801885625	950.9917160069721	861.7063615300259	-0.030112227683754	-0.4744333741211919	14.200155852697051
