LAT(deg)	LON(deg)	ALT(m)	Phi(deg)	Theta(deg)	Psi(deg)	Vx(m/s)	Vy(m/s)	Vz(m/s)	P(deg/s)	Q(deg/s)	R(deg/s)	Nx(m/s2)	Ny(m/s2)	Nz(m/s2)	Radial(deg)	Distance(m)	DeltaAlt:Anv-Tgt(m)	JX	JY	Throttle
-23.68514648391157	-45.37623804661227	179.17203526691992	-39.51870856771708	17.29803386510764	338.81779093183144	226.61332125921768	-0.548583260706218	21.344356155312035	-3.6558491167568903	9.026471121851339	-1.8490858928047977	5.580596853876228	0.10011598157455479	-40.31735532633498	178.85012381589692	6447.37905785199	235.2265483670165	0.1293568336401479	-0.3501758618110551	51.030213605124175
-23.68412668014444	-45.376735933416825	244.1261588210052	-37.823047897893254	19.141505322186187	336.34439048325027	226.44464149687033	-0.5374719197934111	18.839096429830793	-1.33280562919642	7.69946468786087	-1.5681441218826315	5.7292275850420005	0.09364009337972652	-36.21245120719728	179.4353629549182	6337.620132007903	283.63435413761835	0.1009128453914904	-0.5506611943465303	56.94602487416071
-23.683177953417463	-45.37728755645405	308.1577641195772	-35.22656742125971	20.571196991934503	334.7713438149802	226.48012162338304	-0.5040832782492621	16.421941292397616	-0.1558501045794749	6.59527579390767	-1.3644727853318017	5.759698654971606	0.08358085438589362	-32.23594634173878	180.2260869088954	6226.548267393581	334.8093615515272	0.0403469681956243	-0.6322490534505425	68.08550227880144
-23.682241650154637	-45.37787013632156	374.0348509044465	-32.41347976236054	21.722853040269236	333.60938729166895	226.5555969441752	-0.4704621749651075	14.439960148247712	0.5567533542390557	5.736171694311131	-1.213152618242186	5.728319555209241	0.07479825673835747	-28.90689780317111	181.06317847827708	6121.90573182945	391.70622312031554	-0.0310753964382863	-0.4883536710781019	78.36399763096165
-23.681289724586826	-45.37847921663586	441.60235755495705	-29.589826969646474	22.689530757620652	332.65412504270944	226.61395288168475	-0.4421506013923571	12.869262251173678	1.0538336176178627	5.073593450157298	-1.0948962919562997	5.671483097477097	0.06960612171124453	-26.288003362249295	181.9662037762175	6024.131215891747	454.08476147738406	-0.0690353771513289	-0.2709401206589883	83.11452488853624
-23.680314965156068	-45.379115935397536	509.1249243696337	-26.847887999707034	23.534679237147657	331.8498026938862	226.63496814944818	-0.4182776630955737	11.618173187319114	1.3674122810945886	4.563987171586443	-0.9994387247512355	5.610528184926077	0.06793882473900413	-24.302652586772247	182.97680437084824	5931.408935800044	520.7144765783268	-0.0591960341333796	-0.1189592830951413	83.1413674499427
-23.678818532424142	-45.38004410510015	603.829904207694	-25.721808315426806	26.466897823042377	330.8766045320582	225.94313399857893	-0.43007424409513373	10.538618153536216	3.4030056108115962	3.889297457926495	-0.8270550261101841	5.8445917820325946	0.07511433803914032	-22.387627659259188	184.03928097636634	5779.516925757403	614.5559534049532	-0.0414117229429294	-0.0490185861403268	81.5750292494901
-23.67656916508737	-45.38137070769556	746.8294806078777	-21.837124192273684	28.630046065934863	327.2921640637129	225.63757816385868	-0.38024567987624797	8.254667234450277	4.7026404265488475	2.721380669306824	-0.5623293401488423	5.875273967603393	0.06800571757449697	-18.801110252303143	186.25492213835497	5569.962384716003	755.7786310550218	-0.029691897712569	-0.0277019107878275	80.18128977446831
-23.674453131169486	-45.38277293269827	897.4279272062511	-16.957725051045344	29.798580995173996	325.00162603592315	225.88836781880568	-0.3037301565681542	5.253568829768455	4.7675470038166505	1.4002570300507933	-0.320191162495724	5.685901412158228	0.052518535980942124	-14.232427887026162	188.5899424509991	5389.100994348099	901.0142156906371	-0.0204070878852512	-0.0292508619398433	79.28330853873237
-23.672622871992292	-45.38418485608917	1040.3014191134905	-12.257997471280536	30.402234657621968	324.2583881989486	226.31149247072526	-0.22694152182507313	2.7081956615785296	3.6256110159505135	0.4359337736425527	-0.18040949506209858	5.393170845573588	0.03634762875424402	-10.323660187912328	190.85277379258915	5239.551476954641	1034.8415263329705	-0.0119918800250352	-0.040446813245346	78.80775968698265
-23.670901887601982	-45.385659804132196	1178.44976161755	-8.705276841578938	30.7967937629689	323.33251015272174	226.47815072053177	-0.16457907070120942	1.327226213900829	2.288249999316622	0.0015266299584541787	-0.11806631312469307	5.104839272691249	0.027250601514615565	-8.109429239431275	193.2640465259564	5099.631714365065	1166.153096785777	-0.0042693822906818	-0.0518518142991279	78.62733940078175
-23.66923127798848	-45.38719989972953	1317.679896001794	-5.86320273616382	31.112680901169636	322.63811676883836	226.4189525569353	-0.18390477000124578	0.8971587549114377	2.8538079212176664	-0.05253948170920395	-0.017797867808864998	4.865789232898786	0.044844258102841025	-7.265309683800299	195.63036641644712	4968.397226790655	1300.5977451200072	0.0047777770430258	-0.053709149240833	78.37051162562999
-23.667522018826187	-45.38875245475229	1454.2060966552335	-0.8148932855383257	31.431522239193754	321.86743496507	226.2267126868604	-0.32805459567048245	0.9164782226052373	6.533156054812826	0.16104630742621012	0.22289302160122623	4.646631872881384	0.09858625775668503	-7.381131913777153	198.08515633381404	4842.600688355461	1440.823984146444	0.0152627758579553	-0.0414905622276865	77.56397148389496
-23.6661113689669	-45.390321558768356	1576.2480982577401	8.749965732363993	31.003258990988105	323.25778647242487	225.77755680481073	-0.4528976813536299	1.6731552217318175	10.552585219070517	0.7775561665391744	0.5420396857320755	4.41048661444689	0.14114172473417724	-8.496948145207554	200.585270946405	4725.80316396582	1577.5828358704657	0.015485081044866	-0.0301765965485438	76.56607040521708
-23.664682832823864	-45.391828867599074	1701.8886558730542	22.474836138560658	29.753284037338254	326.62979355106614	224.72151380693177	-0.42524683400834	3.5607359348089416	11.570103751041724	1.9212926382446536	0.805326333021316	4.252098336461461	0.14190539668310934	-10.89348955238672	203.00235453261774	4634.61247241766	1701.5158603807183	-0.006450179802874	-0.0264919385102233	75.44106981530516
-23.663289393114574	-45.393278665694474	1819.118242922079	36.85044736730881	27.60559284368876	326.20330647918524	223.41409343083652	-0.35252195343166165	6.121347574568939	11.226653065994398	3.258854344383181	1.0235523842641416	4.149710774864803	0.1303184749375737	-13.964455704837949	205.4464579771929	4546.626332030169	1816.225407479172	-0.0856956917034341	-0.0182642270064516	73.89598637424609
-23.661945316213195	-45.394676493963125	1922.8889929364054	50.85567186654919	24.395193551825933	319.73426942191475	221.93917036239364	-0.28776687658797895	9.009302021715031	10.581937582247395	4.624538746396295	1.2126044561959248	4.097428775388128	0.118973915707099	-17.249863551936244	207.77887815338073	4461.989257535974	1921.289820599091	-0.2172489961213135	-0.0673419923788658	74.24471152948637
-23.66055155255597	-45.39598881313292	2017.0588040160892	64.04225478677643	20.078183553025646	305.5858317798778	220.32502986335453	-0.2432644393932677	12.033346932503484	9.906184977151002	5.949883345723464	1.3727209765706276	4.091486345453308	0.1136621166110486	-20.577658087155594	209.99450806165996	4375.971779304136	2014.5314887596583	-0.2060177073493159	-0.2367972803834235	70.01986415241531
-23.659005667113735	-45.397187570330445	2098.926070300956	76.34450937397536	14.862296447263072	283.44019696283937	218.7754343114829	-0.2160402129230366	14.987343259026677	9.287563876372303	7.193007473127929	1.503339759071683	4.136763559412751	0.11768071519285914	-23.982361937195712	212.21305883711324	4273.709285317899	2094.234203337947	-0.045945409836585	-0.5083526914528471	60.9303320165909
-23.65738822676013	-45.39821678437337	2158.325337228916	87.56834254919744	9.06473575735975	255.85795651375946	217.4798846657323	-0.20349080046232867	17.65943192679647	8.526146704343073	8.266295715171344	1.594450618691374	4.208289724534156	0.12668097591207297	-27.257586498696025	214.48847725406546	4153.561273264697	2156.2791272354016	0.0209693045810777	-0.6374169898582588	60.38126236641834
-23.655807667707087	-45.39901368783971	2188.6596874189654	96.84140214831999	3.068521395306608	225.55632407543294	216.58334673556456	-0.19330851112026096	19.838663849248785	7.132176991776137	9.076306557827106	1.621215598585589	4.260584107860696	0.13145279316469	-30.096567378727332	216.83813910601907	4016.795449919174	2194.5260216914276	0.0355153102639174	-0.6897285523690782	60.68904095297756
-23.654242613455466	-45.39944689301768	2191.298068792796	103.1323506466812	-2.9251604108552085	195.44002363613953	216.18992458143353	-0.1136402877472206	21.380965562950315	3.748299402905851	9.528936727419278	1.5266408379007956	4.21237260131838	0.10655070016272732	-32.247373453161174	218.9970346630574	3877.2825542529804	2205.297171092456	0.0401786771047969	-0.7022685710756926	60.80609961644457
-23.65275951863995	-45.399531613321265	2174.1855878067636	103.79224634515833	-8.891123802614194	166.6741860495052	216.5194491787392	0.09322473347264479	22.227610523734324	-2.6200288575835495	9.50969779885126	1.255715469946522	4.0806113866251055	0.041886102560969196	-33.33638864852819	220.70371554744844	3735.86992770886	2182.9517129254104	0.0480160628791651	-0.6790826293650061	60.53691125548721
-23.65099360472066	-45.3992773550697	2150.5012560466666	97.1714099926795	-14.031298974368374	135.34409968832912	217.85290153925615	0.2863483818803806	21.89319223342094	-8.796483490305906	8.887213950861055	0.9156621546871195	3.9187605254899744	-0.01314133089877314	-32.990341719545896	222.2003102816734	3582.315872105829	2133.728796454007	0.0614314080714643	-0.6106985823253563	59.042439816389965
-23.649128285437946	-45.3987557627662	2100.1433426519097	84.79225446438791	-18.284361562982276	101.87111971633266	220.52513702166553	0.32270279133061724	20.076643506940826	-11.186142038892646	7.610107254078196	0.660569956477708	3.6046581840195744	-0.02977100017831567	-30.771610952372548	223.52612014540006	3391.1762211627015	2068.8006847876627	0.0798369563063857	-0.4972318947399899	56.10031393385416
-23.647183803757425	-45.398000224364736	2027.0236382275107	71.05778450518562	-21.69893011274437	72.37756627375863	224.06968451021422	0.29469669166156937	17.393959410400633	-11.431243147376964	6.105980327695449	0.467667589111718	3.13824417415019	-0.03618443809974496	-27.35940724931502	224.5232004526559	3181.684615771822	1989.4760691967913	0.0992863197423927	-0.3496888650499086	52.7040097330441
-23.645330392552847	-45.39701994757077	1937.2133888682833	57.33599105418058	-24.182719196373505	48.81770609712938	228.16768025408587	0.25909563897522914	14.316588457972554	-10.857295685731996	4.634221050933631	0.2970286928749539	2.5464897267886863	-0.04113182784519035	-23.53399252530768	225.43572713975172	2967.3888383010712	1894.5798749853336	0.1019664795904766	-0.2065704536859035	49.76055840752625
-23.64368382593955	-45.39584455516676	1829.3997185363799	44.25697377626063	-25.744398427854442	32.577387543290705	232.63870309343423	0.22922752503963065	11.136715129810675	-9.85168411946633	3.3237928832323638	0.13100943717513353	1.849817648789119	-0.04449374359005551	-19.894012141476612	226.30136206914	2758.2747944186867	1782.758315389027	0.0686128079250337	-0.0884990433759434	45.71308628804544
-23.642250186369935	-45.394482357926606	1704.8899600777063	32.25543350328329	-26.245196846864143	24.660986988945318	237.1602174895832	0.19877700165278342	8.271287746194446	-8.55494436011989	2.293920705691492	-0.02033760145640808	1.084143658130173	-0.045852637050866125	-16.827610408441284	227.06861640902395	2552.964937511353	1657.8014657771266	0.0239246769131748	-0.0071600609551156	39.15879713150923
-23.64089606953311	-45.39289308984834	1572.6193869207934	21.569515623235137	-25.465627622303867	23.600120482955372	241.53873191644954	0.18250551178346874	6.1877393481290035	-7.13453997928963	1.6867690161041557	-0.13132154799422707	0.33064071938792494	-0.049055528259358126	-14.870264499308934	227.61248355826652	2342.6325445341176	1528.771092548406	-0.0070264723540195	0.0182671706793484	30.0019083158445
-23.639523633492992	-45.391086171213345	1443.4901911840636	12.901899675359772	-23.60401880772105	25.717454716512822	245.6297668486145	0.18993288838247907	5.297441152258957	-5.689456589046884	1.5975256499802204	-0.18245254171309455	-0.2999859841425552	-0.056983232097698365	-14.660747009369112	227.85392103679277	2123.1297566248168	1404.922043371284	-0.0147261615746587	-0.0034815685929101	21.98390616968264
-23.638064073487666	-45.389263418403566	1320.8708656659232	6.683999501266365	-20.993892323883237	27.022710146613285	248.9733935062096	0.1898124391250654	5.769061883399421	-4.1343112063404295	2.0090364541993972	-0.17145139633531162	-0.7029844596452011	-0.058203588130491424	-16.32249452785367	228.08425719438998	1893.9377764110675	1288.2071057209846	-0.0118823453564785	-0.0516035708475445	16.07755858056352
-23.636519809569187	-45.38754969654349	1204.7195366934723	2.665265966739156	-17.67135615772653	26.64330582800764	251.23297510168518	0.17656082518931823	7.521626286852294	-2.53472395327884	2.834971190184242	-0.12747620214471939	-0.8834632047748883	-0.05282123363038031	-19.53095086596488	228.35971331244815	1664.4307815841428	1182.5712603580064	-0.0113421409852881	-0.1165309815491986	11.141884730149428
-23.635107046229134	-45.385927505737236	1092.2525549660418	0.5165369563464053	-13.853626196106825	27.2414386882158	252.5335183404301	0.15321084447226901	10.249878251882707	-1.4940303724751827	3.9222352027233875	-0.10216372764468129	-0.8983590611337713	-0.045554152983543685	-23.855082710686936	228.3427567527198	1445.2430600357973	1092.4364655351621	-0.0125542530417792	-0.2078627294076488	7.414320234869578
-23.634076767489656	-45.384390624342046	985.0323856507409	-0.7592807904493106	-9.73230175942166	29.169712987486946	253.1213023692033	0.13177471596212567	13.608301318180782	-1.2987377756144949	5.143135079407668	-0.11965108000941568	-0.7561229108582906	-0.03637026084527552	-29.028214841206186	228.02448318314265	1249.7534415119935	1016.1027757257164	-0.0080739864926704	-0.3396163082645621	7.907163691386948
-23.63362275094616	-45.383568582469834	921.3774449510477	-1.3148648144110753	-8.093492856999049	29.587403718326836	253.55751633424208	0.11933117432994154	15.216151792997968	-1.2546088970237357	5.9021635924522355	-0.14549189099520615	-0.7705719295432658	-0.02629246264132739	-31.917780923405118	228.19564273228792	1152.8226064365467	965.199614410503	-0.0028601658608741	-0.4575239573837071	12.938657620194796
-23.633149028588136	-45.382689637011474	864.2160244341412	-1.9577540451539124	-5.957541841534626	30.362411118476633	253.65748873745176	0.11926199450647151	17.291340177422914	-1.6256389973948608	6.747568985062388	-0.17037476004323834	-0.6860356878102555	-0.01779326305833814	-35.59810733431844	228.25352258242623	1052.9580608958424	913.1890920805355	0.0056402155611698	-0.5349117912461284	19.210412047711657
-23.632582883837408	-45.38174646351058	812.4475014330108	-2.5135918452566055	-2.989428801154069	31.901204082404284	253.45549332696427	0.12812320151380402	19.905411557994338	-2.225571253834727	7.664801487508973	-0.16687528445121305	-0.47825967728867386	-0.01519607972392836	-39.903203695569815	228.17403191155353	937.4412541513444	867.5620427713699	0.012997264989414	-0.5677464828291994	24.65650998949554
-23.631942193397354	-45.380782092170136	767.8195549327498	-2.8829354618191627	0.7121138460514226	33.1079714624429	252.95841857762522	0.14846815102788716	23.01155594019602	-2.9473167704671486	8.62320998920924	-0.13242532984987274	-0.12473580319892379	-0.021294090148262206	-44.65180554588593	227.9742588048938	810.9177536564397	831.7412868177544	0.0182254230875185	-0.577542075777059	28.87724823793825
