LAT(deg)	LON(deg)	ALT(m)	Phi(deg)	Theta(deg)	Psi(deg)	Vx(m/s)	Vy(m/s)	Vz(m/s)	P(deg/s)	Q(deg/s)	R(deg/s)	Nx(m/s2)	Ny(m/s2)	Nz(m/s2)	Radial(deg)	Distance(m)	DeltaAlt:Anv-Tgt(m)	JX	JY	Throttle
-23.682417387078413	-45.37706074843044	278.458133512581	-36.57582981343701	20.17690495837122	329.18127273750093	231.9900834118568	-0.46911032316885104	20.79384285989544	-5.682901649648888	8.69638915050572	-1.7924572641030267	6.058868244235407	0.0878811973405513	-41.58735532699246	182.53913503484466	6176.780226964575	272.60699897504344	0.1012997254379292	-0.33654426014024	55.734086248702766
-23.68169578760802	-45.377376696205914	322.37297031007336	-36.211269068252236	22.200483438331187	326.8084838940962	231.13214822681982	-0.4860408785134556	18.506363416832958	-3.4692101814904794	7.531376360020896	-1.541108602577043	6.142707786178966	0.08272310097335275	-37.758313883442085	182.80296510019068	6073.799459987001	318.66158085772355	0.0621871557795435	-0.5118375315930717	62.93254686629335
-23.681044556277715	-45.377825346768205	369.9101894152913	-34.736976013854864	23.549787120856077	325.4982338347903	230.40987628094572	-0.48369006351922	16.21966477453292	-2.113811443649998	6.54331990520049	-1.3492201130103243	6.101781442171822	0.07861810162559638	-33.98971161315917	183.2767297791468	5977.3478415566615	366.825747977894	0.0040633786531115	-0.5623809115060115	71.48801826987483
-23.680397219949356	-45.37835643671057	420.7774882156019	-32.798408833729695	24.47728876775551	325.02926212311013	229.7830096696223	-0.47455526623850247	14.29283803458362	-1.1715099291606772	5.752865589211238	-1.2066930155689732	6.001892140084097	0.0774886395070554	-30.744180757640116	183.82412266352955	5894.210944272076	419.8586535690037	-0.0468176558234736	-0.4265353358854392	77.94072077720136
-23.679725265987155	-45.37894387640121	474.77061647476535	-30.65609938005785	25.120741535939548	325.06727879054984	229.24019219641292	-0.46340433395535346	12.753044861879088	-0.44809683832177094	5.123510413127182	-1.0967978852313327	5.882167557780864	0.07974828027337849	-28.09001393767393	184.42066044955092	5821.047327706621	477.4193135651266	-0.0683796833024832	-0.2348954687329928	80.96291124762887
-23.67902562060211	-45.379575028123	531.4983929800185	-28.44866476266342	25.586292115172554	325.3006832072131	228.78354371401687	-0.4487222321939218	11.530884365799256	0.07623712930586235	4.617778428433825	-1.0066068694324817	5.765255579854962	0.08333851124121526	-25.969058719511604	185.08580048394685	5751.318214776057	538.252199931817	-0.0581156446062588	-0.0926108994490892	80.92833225345372
-23.67794110875224	-45.380409665320066	608.6688762852604	-28.137701104692788	28.12458810006687	326.0440767606072	227.53964827465694	-0.46126079772780076	10.446331938655627	2.12140921140979	3.9223417291881866	-0.8554100373971657	5.926451930267719	0.09263680668122297	-23.78517294246868	185.65091966759522	5626.768903931412	625.1541924153534	-0.0425345974100857	-0.0204397608276617	79.63446154457301
-23.676249605081612	-45.3816714130102	732.165208064401	-25.10392838670652	29.836478842384288	323.58055378328277	226.4054784235638	-0.4210544249228826	8.274618576204526	3.5972409955620632	2.7779480125523754	-0.6159175962737231	5.885504631108675	0.08678841567057341	-19.951921394101834	187.22553113938312	5448.710173349884	758.0204084698355	-0.0335699484031591	0.0038125595631064	78.60788594989819
-23.67465019314864	-45.383080833533846	864.5718196610742	-20.58394243569979	30.509658283684196	321.8099402544496	225.70665916109124	-0.3660061228430328	5.441666267061006	4.132590776714524	1.5356153492431734	-0.3813469934452961	5.636316242389899	0.07409646752020276	-15.282547801488665	189.05508368039216	5293.222970739735	896.8439174519975	-0.0269944249151536	0.0039154763622591	78.1242703687343
-23.673238956705113	-45.38449237410262	996.4103128305251	-15.777371073588345	30.509634052993523	321.94079254942744	225.3099144821586	-0.31386752533862083	3.0014830317919676	3.6461636196885374	0.6194448178322668	-0.22832323346948905	5.3002584202921375	0.06140307036292606	-11.228160759531265	190.92359735770233	5168.939353698767	1027.1417122446655	-0.0198680614095037	-0.0052720976007092	78.13499649691272
-23.671845288825278	-45.38593015709687	1130.848197540639	-11.607029430502473	30.27550335911776	322.2534887956423	224.88947344397735	-0.26700614224309804	1.622953796125433	2.808205878336746	0.14167594077834206	-0.15505662828864872	4.995998448629541	0.053948738464773514	-8.647805093566168	192.9803497798971	5064.332348899912	1158.235462802658	-0.0120634991424032	-0.0151316136122913	78.64030950307749
-23.670463881340076	-45.38736726284057	1265.9193270586225	-7.965093115625774	30.097143039974764	322.7686029198029	224.45727939697377	-0.27026005144451204	1.1126886294951646	3.109093379827315	-0.02305485393434427	-0.08098020443565847	4.756581407701251	0.06380668641971499	-7.288363179507835	195.02631889775063	4981.829791431783	1291.3309861135524	-0.0036520190426425	-0.0215898927189709	79.38549278651197
-23.669046531507327	-45.38880753627133	1399.7780159571316	-2.4774335344963334	30.122648982918548	323.88161085842495	224.1695755395126	-0.3814050739536589	1.0288959275151641	6.075562334947678	0.07165930643752869	0.1008365407465601	4.554965634411817	0.1048561776524514	-6.90821527449484	197.15654083073193	4894.7717630100715	1430.3444965365193	0.0040937368425109	-0.0211538294417316	79.57518861974715
-23.667533434084692	-45.39035485203181	1533.9343203158733	6.249886755055675	30.017828809953688	325.7834815449265	223.98148874740951	-0.5289072292567848	1.5971574798166894	10.26570231841856	0.4630204108067482	0.37097094438672784	4.347897170319087	0.14891415314013853	-7.322545459332128	199.3910435820301	4784.856636490851	1569.1581620657241	0.0056106893925318	-0.0157485978235335	78.67984294693504
-23.665912558664818	-45.39189887654955	1673.5947547864962	18.788258282064277	29.000132024134707	328.7369557147355	223.3918755873216	-0.5596826499728499	3.2271750626021842	12.240585410942142	1.3529216123363907	0.620200995286262	4.215047775248033	0.15691966748583308	-9.132043518901899	201.51830179271906	4688.411635739162	1704.6302133027682	-0.0094453123511274	-0.0085853486410509	77.21120785626752
-23.66429787817172	-45.393286958906174	1810.3060311544843	33.28479214820843	27.113094146700718	330.0035842139931	222.3952580289253	-0.5153746049788224	5.60666602514794	12.205828307519466	2.597212959331441	0.8350751097897842	4.173291762178773	0.14507384695973422	-12.006454578501423	203.71852123544488	4606.443203335971	1828.8758204414632	-0.0681626584690424	0.015388249861338	75.8541891959365
-23.662701309551583	-45.39455964656877	1931.6187332872905	47.91822866605643	24.339152526261298	327.4635968993152	221.25487981109183	-0.4635733752972183	8.362452777197499	11.6203881030173	3.9754200603282897	1.0286629603028625	4.183308514466269	0.1329974036490172	-15.313224779120947	205.99895026720728	4531.495260342582	1941.6880889798244	-0.1850218229210778	-0.0109011432618836	75.67468829215089
-23.661142867808586	-45.39571893077003	2032.447974773863	61.98438418510857	20.67154418260713	319.2577245714362	220.03467485270735	-0.4221948644521981	11.35138854282729	10.986615774026914	5.404087278087957	1.2007594125465433	4.232472112451493	0.12580521423944474	-18.809155443095744	208.2920155596618	4465.329751409446	2039.2442513654416	-0.2294134240393913	-0.1419842006752881	72.0466597125266
-23.659511949976483	-45.39680008108168	2114.5195077067556	74.85538167515587	16.164142878030567	303.5305795784874	218.89097213330783	-0.40069180159955414	14.411161240704917	10.356430460298629	6.802661737468495	1.3425635966283564	4.317335607276027	0.12578995625937395	-22.43662877764191	210.68025519361595	4386.349267541969	2119.633023816552	-0.1013094740166784	-0.4082335761692608	64.08654333040755
-23.657757069591575	-45.39780245419338	2174.5528953939056	86.03471894863478	11.048906321999777	280.20252096815796	218.08948083313658	-0.39056308345483687	17.393065962638993	9.60669141854152	8.118593545304892	1.441785928156863	4.432385984744195	0.13101465230256512	-26.221946239893544	213.2480444510351	4280.360591831701	2178.3870266046083	-0.0057366787656054	-0.5966410740789023	62.17724611989058
-23.65596337040061	-45.39866627201021	2207.813322969284	95.39908707628953	5.539637603358003	251.9425125985319	217.81845686169336	-0.3783074520029336	20.106237524253977	8.418844679097482	9.257991451576679	1.4881900645416057	4.561675384281164	0.13483054206772638	-29.960009494996875	215.966157382425	4149.469383508118	2213.229718246786	0.0181993441365387	-0.6678602323081666	63.70842986087846
-23.654175232205915	-45.39931802062896	2214.730438555502	102.3181678500041	-0.25032093170640196	220.8679619319693	218.08104270215887	-0.32968329479980185	22.348969960018653	5.948494429139407	10.096313922122231	1.4534599786907016	4.676623591157892	0.12199411007354735	-33.232978734657976	218.86135074104226	3991.3612230929066	2222.2806352485068	0.0299477463016893	-0.6914454432072762	64.5302658019079
-23.652431445634488	-45.39965154804763	2199.751822981416	104.36694346660047	-6.244015002785717	188.45550083957764	218.8558640432071	-0.17680463953978265	24.036813186172203	0.7766504707998134	10.490117309971854	1.267977939359049	4.749860359164759	0.0729349239446172	-35.49559655630806	221.5704388594812	3826.161407132901	2200.0587182157515	0.0396565754301273	-0.6924998738068863	65.85767013310635
-23.650744489350938	-45.399508166963436	2165.135686748582	100.55139190691177	-11.952335554679527	155.85559337168962	220.41335942189727	0.026601192879241946	24.62335833365787	-5.739248380603029	10.289759129458693	0.9703147175394138	4.772223546131776	0.012803948541522161	-36.4329484873477	223.7839435626649	3673.3624913648882	2152.5036850529177	0.0535920085378398	-0.6580430428299149	66.73734203829777
-23.649105633072374	-45.39899393326561	2106.0225919168106	91.00108603291208	-16.537571371852597	122.55927325672731	223.3059999737055	0.12434658953580491	23.675553022077843	-9.676340789006534	9.365814283741045	0.714770963453388	4.6448683188242645	-0.020076457930354237	-35.330503019786875	225.865037783103	3496.2455626244423	2079.2571356778367	0.0677097675623418	-0.5790217380607332	66.18082453928132
-23.6474557201189	-45.39830348236989	2025.8276186954463	78.30672552316723	-20.09175345933406	91.09664949640161	227.50489435051017	0.1456740045845018	21.511627246366192	-10.86973407005302	7.982865887107605	0.5279443490352747	4.3331244521968255	-0.04226000790251361	-32.52204103476125	227.7785052300657	3293.8448727850982	1992.2679340408872	0.0765889778368514	-0.4492579686960537	63.10196095319118
-23.645884153370748	-45.397426612110465	1928.2579670594848	64.619385662329	-22.83303562369855	63.48670583373232	232.5107615951775	0.14115180152212928	18.639492288833146	-10.789500350138018	6.464456616497311	0.3631493700720624	3.849797315553137	-0.06628650335268896	-28.967626462715305	229.45461576042922	3079.7115406528796	1892.6740289013753	0.0769382882067829	-0.3053238300500331	60.00509109224156
-23.64437826079179	-45.396346714993044	1818.4679505616145	50.77905786771037	-24.779008822868633	41.32582343324139	237.97527417941424	0.1305325183912818	15.428418235965728	-10.146461117862525	4.99735509375751	0.19180666593809664	3.2174556249990047	-0.08930255075244051	-25.42659669501153	230.89967962694305	2861.8462336326133	1779.9613948258993	0.0709992279353356	-0.1842501812337643	59.19853818130632
-23.643003676399996	-45.3950151868302	1697.5945240163796	37.689798252770856	-25.536261880467784	26.522979121275654	243.5840693409109	0.13896651303923133	12.403500562582618	-9.133496621527062	3.7722077185431537	0.028501036032553367	2.5062803889031917	-0.1142384542138785	-22.54379650396501	231.99661588500476	2654.3925328086443	1657.7720914095867	0.0379924147726381	-0.0882718632070882	56.10323297302271
-23.64172219845292	-45.39341369578651	1571.8370408991175	26.140774255422013	-25.04206079049509	20.008788090055372	248.99877443287096	0.1624749245810882	10.01614254080614	-7.825897790900631	2.9077860096433996	-0.0994040275390002	1.8004740955917637	-0.1401264228131604	-20.708141334959105	232.62411861651404	2451.6895324362135	1533.5395875426861	-0.0043649974248369	-0.0239306999880433	48.424721296507535
-23.640429137297094	-45.391599245166894	1450.250989957477	16.691064663499468	-23.47374070447724	19.73475075967766	253.87514935558679	0.1842256077661032	8.573447359172192	-6.374224140333013	2.5041076021475592	-0.17313730018131365	1.1886566164717967	-0.1612944414638343	-20.21690241728956	232.81512041184797	2234.2961186001785	1413.403348028806	-0.025996830100663	-0.0096023519202437	39.06016782906875
-23.639117912210267	-45.38970244300417	1336.512854873491	9.721315226219733	-20.918270881034427	21.689880670190043	257.9451759119312	0.20367610429313482	8.262826456718724	-4.862471059823894	2.621299800885983	-0.19107248459223478	0.7282327590432061	-0.17618811913667623	-21.358273589203787	232.67472363493357	1999.9508874232404	1303.3862621501553	-0.0272911546474038	-0.0333861642462158	31.428517414773008
-23.63775547351027	-45.38787358679418	1232.1078891052541	4.9284036500055475	-17.434468666857907	23.394615211352225	260.99367453117617	0.22106745519866622	9.075845187581049	-3.1729723426882868	3.167547013234926	-0.16806514479065318	0.4426777678623436	-0.18325782025137388	-23.999091982342396	232.35367781334472	1764.7025384584565	1205.2817302397848	-0.0205820639650603	-0.1028673433585695	26.21768602794227
-23.63647505695652	-45.38619070498441	1134.1591525366682	1.9935622817166645	-13.302408912415476	23.934301386505254	262.89740227597207	0.22380821139576312	10.879627399657371	-1.3115817380430874	4.0993280478581	-0.12167219252569783	0.3382744251039626	-0.18272937307123854	-27.947784121726546	232.04889677934793	1532.6312962190088	1119.133061890795	-0.0125768770889967	-0.2078891085030275	22.73163307779944
-23.63545880270363	-45.38464166781504	1040.7469758519915	0.36047965799796605	-8.837975053996791	24.51606129648886	263.8180660434652	0.20870191806594485	13.423699275550485	0.101815088229012	5.291653275076671	-0.10606707306077076	0.39019229854067816	-0.1746834091473354	-32.91692381194168	231.45305377748505	1314.1398928037036	1049.254345350798	-0.0128721176385908	-0.3186522512618803	21.3819183999899
-23.63494501659615	-45.38379832999136	977.8064828362648	-0.6483537530999666	-7.082644246564775	24.41324917982075	264.6093538753461	0.19413865517480466	14.616655665120334	0.9449346543363506	6.026323631217447	-0.12736200046877494	0.30265266709465755	-0.1691323307158353	-35.73658729084746	231.36906756493943	1206.8148835623786	1003.8034690287217	-0.0209263514660071	-0.4187208579932917	23.126228605322662
-23.634390646777412	-45.38290606973019	922.7120910568166	-1.3327446023873994	-4.773530415530667	24.320041679962596	264.7739435279043	0.18766047166063693	16.501698325700726	1.276834895901431	6.948175650074385	-0.160425486064479	0.3519690646228835	-0.15840973989921103	-39.58294866368954	231.16817837086248	1097.4006588831298	958.688018510039	-0.0195742024371093	-0.4926311172149105	26.972240201772625
-23.633761298546684	-45.38195964661812	878.2689148833143	-1.5223198005735117	-1.6490019042790764	24.884273512475595	264.45070371860504	0.18860109773046574	19.06806034081947	1.2849865142368853	8.001219663939004	-0.16790197627429018	0.5709803393487264	-0.14758178119775248	-44.1784973350403	230.83871926667385	970.6740039949212	920.1812670668089	-0.0143248047512761	-0.5360733712982242	31.08271044742127
-23.633064387585534	-45.38101552682776	843.82566428058	-1.07838120762965	1.9608300793371682	26.06587174821394	263.6700412084286	0.1758387118352096	22.066351353271667	1.1326664447326602	9.094137518145304	-0.1415386155395657	0.9426586443103687	-0.13242698645196502	-49.05586457770142	230.40309240011777	819.1651769022461	889.6815268300985	-0.0095166432395942	-0.5479690601868268	34.592711606922435
